0.000000 0.0000000 0.0000000 0.0000000 -0.0000000 -0.0000000 -0.0000000 1.0000000
0.415622 -0.0027575 -0.0005450 0.0388935 0.0008302 -0.0156701 -0.0008422 0.9998766
0.623377 -0.0063777 -0.0002794 0.0631720 0.0022208 -0.0282728 -0.0008425 0.9995974
0.934622 -0.0150229 -0.0010635 0.1076503 0.0021143 -0.0558800 0.0005180 0.9984351
1.142127 -0.0248155 -0.0020644 0.1407658 0.0030710 -0.0792600 -0.0013725 0.9968483
1.349627 -0.0379179 -0.0030913 0.1763944 0.0047854 -0.1059911 -0.0050314 0.9943429
1.764374 -0.0728163 -0.0045983 0.2503475 0.0044477 -0.1705909 -0.0085590 0.9852948
1.971750 -0.0956746 -0.0049178 0.2866219 0.0048520 -0.2056271 -0.0114897 0.9785510
2.179126 -0.1213952 -0.0051648 0.3242382 0.0048939 -0.2443462 -0.0099262 0.9696249
2.282875 -0.1353462 -0.0055227 0.3429357 0.0046831 -0.2654568 -0.0075053 0.9640822
2.490144 -0.1710245 -0.0065989 0.3786795 0.0024853 -0.3122454 -0.0109824 0.9499348
2.697329 -0.2126380 -0.0073186 0.4130257 0.0022217 -0.3631880 -0.0125506 0.9316287
2.904641 -0.2596661 -0.0071393 0.4461519 -0.0000932 -0.4162804 -0.0075893 0.9092046
3.112001 -0.3155604 -0.0071274 0.4761775 -0.0030879 -0.4689490 -0.0063408 0.8831971
3.319374 -0.3809852 -0.0063964 0.5013235 -0.0049596 -0.5214172 -0.0065546 0.8532623
3.526893 -0.4538546 -0.0052272 0.5212891 -0.0069691 -0.5719249 -0.0074627 0.8202424
3.734395 -0.5346105 -0.0051555 0.5347627 -0.0114975 -0.6176860 -0.0071107 0.7863086
3.942122 -0.6234519 -0.0044725 0.5407510 -0.0115336 -0.6563075 -0.0078556 0.7543645
4.150266 -0.7205926 -0.0022080 0.5414552 -0.0098692 -0.6863831 -0.0083612 0.7271252
4.358512 -0.8254302 -0.0005182 0.5369158 -0.0079871 -0.7100012 -0.0061928 0.7041280
4.462646 -0.8805103 0.0001494 0.5328078 -0.0070865 -0.7193351 -0.0058416 0.6946025
4.566885 -0.9371644 0.0012341 0.5276202 -0.0060642 -0.7265166 -0.0051193 0.6871032
4.671250 -0.9957285 0.0023112 0.5219201 -0.0058438 -0.7321072 -0.0047111 0.6811481
4.775500 -1.0568709 0.0032995 0.5152745 -0.0062127 -0.7365158 -0.0045625 0.6763765
4.879959 -1.1195718 0.0038779 0.5080267 -0.0062956 -0.7397467 -0.0051959 0.6728359
4.984250 -1.1826599 0.0037651 0.5007885 -0.0061420 -0.7420488 -0.0064363 0.6702868
5.088502 -1.2488236 0.0044428 0.4930465 -0.0064322 -0.7435206 -0.0068385 0.6686473
5.192878 -1.3163815 0.0053149 0.4855546 -0.0073560 -0.7439893 -0.0064076 0.6681203
5.297154 -1.3854392 0.0062960 0.4784402 -0.0089067 -0.7436860 -0.0063033 0.6684400
5.401501 -1.4568734 0.0072644 0.4706068 -0.0095154 -0.7431552 -0.0073114 0.6690115
5.610008 -1.6036112 0.0086180 0.4543046 -0.0072582 -0.7420062 -0.0079514 0.6703065
5.714253 -1.6797547 0.0097439 0.4467831 -0.0069785 -0.7416475 -0.0081274 0.6707043
5.818377 -1.7578347 0.0111922 0.4390539 -0.0079677 -0.7410483 -0.0090056 0.6713441
5.922523 -1.8376298 0.0124665 0.4306735 -0.0088893 -0.7403770 -0.0106664 0.6720484
6.026772 -1.9188266 0.0131930 0.4226928 -0.0093260 -0.7397692 -0.0116761 0.6726948
6.130876 -2.0014005 0.0145852 0.4138043 -0.0084591 -0.7390811 -0.0120810 0.6734549
6.339025 -2.1708989 0.0180633 0.3976858 -0.0061786 -0.7380365 -0.0117969 0.6746294
6.547271 -2.3449175 0.0206364 0.3829710 -0.0094417 -0.7372059 -0.0116461 0.6755018
6.755380 -2.5222430 0.0230986 0.3669901 -0.0088593 -0.7365758 -0.0100937 0.6762216
6.963378 -2.7013946 0.0253104 0.3518200 -0.0063717 -0.7365992 -0.0042460 0.6762862
7.171256 -2.8869548 0.0263330 0.3346386 -0.0093894 -0.7366655 -0.0072652 0.6761531
7.379272 -3.0738068 0.0287976 0.3171458 -0.0124366 -0.7368671 -0.0129282 0.6757995
7.587271 -3.2590287 0.0312146 0.2988551 -0.0107073 -0.7369814 -0.0126256 0.6757103
7.795131 -3.4441059 0.0341562 0.2811899 -0.0095932 -0.7371407 -0.0127379 0.6755511
8.003004 -3.6266315 0.0357368 0.2649791 -0.0093772 -0.7371460 -0.0138270 0.6755270
8.211004 -3.8087263 0.0387987 0.2479267 -0.0052803 -0.7369674 -0.0110007 0.6758181
8.418880 -3.9921575 0.0396608 0.2319942 -0.0068138 -0.7366461 -0.0119075 0.6761392
8.626899 -4.1741891 0.0424583 0.2167454 -0.0109996 -0.7363285 -0.0151879 0.6763642
8.834756 -4.3553710 0.0455796 0.1999321 -0.0120277 -0.7362098 -0.0164702 0.6764460
9.146631 -4.6282177 0.0502542 0.1744118 -0.0063284 -0.7360381 -0.0141410 0.6767629
9.354505 -4.8092966 0.0525612 0.1572194 -0.0045676 -0.7363493 -0.0131592 0.6764582
9.666385 -5.0791965 0.0538988 0.1338086 -0.0067601 -0.7377718 -0.0098508 0.6749445
9.874249 -5.2586617 0.0556526 0.1176186 -0.0116174 -0.7390283 -0.0119110 0.6734688
10.082130 -5.4338980 0.0571794 0.0996723 -0.0088948 -0.7399449 -0.0114260 0.6725116
10.290010 -5.6080260 0.0592380 0.0794082 -0.0040220 -0.7406605 -0.0128426 0.6717448
10.497760 -5.7819042 0.0600576 0.0605454 -0.0043376 -0.7412866 -0.0145196 0.6710175
10.705630 -5.9533677 0.0613463 0.0415401 -0.0034265 -0.7417449 -0.0151200 0.6705030
10.913510 -6.1231270 0.0638431 0.0251837 -0.0059412 -0.7421807 -0.0157341 0.6699888
11.121380 -6.2907915 0.0651992 0.0062127 -0.0080103 -0.7422522 -0.0183682 0.6698210
11.433260 -6.5330033 0.0681783 -0.0183682 -0.0067049 -0.7429458 -0.0157708 0.6691322
11.745130 -6.7638650 0.0707484 -0.0428829 -0.0034935 -0.7418240 -0.0146698 0.6704251
12.057260 -6.9805069 0.0724106 -0.0627551 -0.0051725 -0.7359915 -0.0155454 0.6767924
12.265510 -7.1164713 0.0732752 -0.0725322 -0.0053088 -0.7289423 -0.0175553 0.6843295
12.473910 -7.2433023 0.0749338 -0.0772104 -0.0047702 -0.7173998 -0.0197774 0.6963645
12.682390 -7.3623052 0.0757692 -0.0737395 -0.0053191 -0.7007579 -0.0199783 0.7130996
12.891130 -7.4708939 0.0777736 -0.0622244 -0.0061000 -0.6778806 -0.0182467 0.7349202
13.099880 -7.5708127 0.0781927 -0.0437956 -0.0068236 -0.6482350 -0.0175016 0.7612086
13.308760 -7.6646204 0.0787846 -0.0156608 -0.0089456 -0.6111529 -0.0152110 0.7913159
13.413260 -7.7087874 0.0785488 0.0030746 -0.0104835 -0.5904400 -0.0111765 0.8069361
13.517630 -7.7513957 0.0790953 0.0232782 -0.0107114 -0.5682095 -0.0078068 0.8227772
13.726510 -7.8328753 0.0805841 0.0715778 -0.0115019 -0.5208883 -0.0046068 0.8535349
13.830760 -7.8724995 0.0814544 0.0990171 -0.0121190 -0.4972290 -0.0037847 0.8675265
13.935130 -7.9097056 0.0825293 0.1296835 -0.0144073 -0.4740501 -0.0000719 0.8803800
14.039380 -7.9439955 0.0821913 0.1624742 -0.0175372 -0.4504066 0.0045019 0.8926400
14.143650 -7.9775620 0.0826268 0.1954527 -0.0164211 -0.4260246 0.0062534 0.9045410
14.247880 -8.0094147 0.0824953 0.2298689 -0.0126769 -0.4011237 0.0065626 0.9159127
14.352150 -8.0398598 0.0831237 0.2665958 -0.0065518 -0.3749445 0.0073503 0.9269950
14.456380 -8.0698099 0.0832738 0.3059605 -0.0018024 -0.3474871 0.0066914 0.9376592
14.560630 -8.0987272 0.0833309 0.3495498 -0.0000463 -0.3195285 0.0065605 0.9475539
14.664880 -8.1263161 0.0829421 0.3968903 0.0008706 -0.2913751 0.0067903 0.9565844
14.769010 -8.1530933 0.0826478 0.4468876 0.0025559 -0.2632608 0.0055303 0.9647055
14.873160 -8.1775055 0.0813168 0.5002038 0.0019617 -0.2369351 0.0048769 0.9715112
15.081160 -8.2240324 0.0797457 0.6146204 0.0035148 -0.1906983 -0.0009333 0.9816419
15.185010 -8.2453375 0.0788661 0.6759405 0.0031141 -0.1714611 -0.0034696 0.9851799
15.288760 -8.2650337 0.0778312 0.7406102 0.0021050 -0.1558011 -0.0036637 0.9877794
15.392480 -8.2834158 0.0767951 0.8077153 0.0011804 -0.1432256 -0.0030234 0.9896848
15.496190 -8.3013248 0.0772907 0.8777424 0.0003364 -0.1324234 -0.0027795 0.9911893
15.599910 -8.3188381 0.0765147 0.9494086 -0.0008871 -0.1231043 -0.0039305 0.9923856
15.703610 -8.3369923 0.0759354 1.0231202 -0.0014041 -0.1151774 -0.0065919 0.9933221
15.807320 -8.3537989 0.0751933 1.0981607 -0.0019389 -0.1084398 -0.0084054 0.9940656
16.014760 -8.3845053 0.0739880 1.2552686 -0.0019121 -0.0948714 -0.0075858 0.9954588
16.222360 -8.4126501 0.0737832 1.4204899 -0.0023062 -0.0802581 -0.0087812 0.9967328
16.429890 -8.4360790 0.0707595 1.5909218 0.0014538 -0.0685345 -0.0095006 0.9976025
16.637520 -8.4588528 0.0693752 1.7692142 0.0046063 -0.0595604 -0.0086619 0.9981765
16.845140 -8.4811068 0.0666155 1.9517182 -0.0023594 -0.0535108 -0.0116479 0.9984966
17.052630 -8.5005817 0.0640458 2.1333673 -0.0038414 -0.0497198 -0.0114848 0.9986898
17.260280 -8.5184803 0.0624636 2.3155289 -0.0045690 -0.0467600 -0.0106129 0.9988393
17.467890 -8.5345221 0.0613410 2.4971132 -0.0066405 -0.0441698 -0.0084871 0.9989659
17.675510 -8.5510283 0.0597873 2.6754999 -0.0011096 -0.0419067 -0.0096556 0.9990743
17.883140 -8.5662785 0.0571544 2.8531284 0.0047328 -0.0404856 -0.0102057 0.9991168
18.090880 -8.5821285 0.0529407 3.0309260 0.0019817 -0.0381653 -0.0125925 0.9991902
18.298510 -8.5962124 0.0498685 3.2091949 -0.0015075 -0.0358755 -0.0128723 0.9992722
18.506260 -8.6091442 0.0470125 3.3864226 -0.0015313 -0.0345673 -0.0105659 0.9993454
18.713910 -8.6208286 0.0443725 3.5613742 -0.0000962 -0.0337253 -0.0093893 0.9993871
18.921640 -8.6336775 0.0418015 3.7388978 -0.0006934 -0.0329071 -0.0107690 0.9994001
19.129390 -8.6463118 0.0397339 3.9187717 -0.0000157 -0.0337719 -0.0104670 0.9993747
19.337010 -8.6604185 0.0370631 4.1020436 -0.0002326 -0.0363144 -0.0099996 0.9992903
19.544760 -8.6764593 0.0342621 4.2853336 0.0024086 -0.0390215 -0.0120043 0.9991633
19.752390 -8.6931858 0.0315597 4.4697657 0.0049552 -0.0412040 -0.0120200 0.9990662
19.960140 -8.7107258 0.0275034 4.6588445 0.0038664 -0.0433590 -0.0115724 0.9989851
20.167930 -8.7286634 0.0247296 4.8513560 0.0011609 -0.0448172 -0.0110638 0.9989333
20.375760 -8.7473316 0.0217631 5.0456843 -0.0024258 -0.0449231 -0.0109344 0.9989277
20.583640 -8.7655354 0.0202153 5.2414174 -0.0017166 -0.0430484 -0.0123958 0.9989946
20.791530 -8.7810907 0.0180942 5.4383836 0.0001762 -0.0414865 -0.0093330 0.9990955
20.999260 -8.7967949 0.0155177 5.6362777 -0.0010948 -0.0401247 -0.0074478 0.9991663
21.207140 -8.8115759 0.0126771 5.8321662 -0.0025049 -0.0394633 -0.0057502 0.9992014
21.415040 -8.8285570 0.0088659 6.0253687 0.0018963 -0.0385839 -0.0076451 0.9992243
21.622900 -8.8446913 0.0044714 6.2163887 0.0076562 -0.0376492 -0.0110264 0.9992008
21.830760 -8.8594494 -0.0003601 6.4065447 0.0050998 -0.0370795 -0.0094589 0.9992546
22.038660 -8.8751240 -0.0052844 6.5973172 -0.0033456 -0.0378782 -0.0085611 0.9992401
22.246540 -8.8885565 -0.0078492 6.7832098 -0.0005689 -0.0404421 -0.0051339 0.9991685
22.454390 -8.9048281 -0.0117083 6.9669428 0.0012870 -0.0431961 -0.0053534 0.9990515
22.662270 -8.9235191 -0.0149035 7.1475320 0.0049592 -0.0467656 -0.0067608 0.9988707
22.870160 -8.9431133 -0.0202583 7.3258104 0.0070364 -0.0499421 -0.0101978 0.9986753
22.974020 -8.9534616 -0.0224201 7.4152503 0.0062369 -0.0517690 -0.0119985 0.9985676
23.181990 -8.9740515 -0.0268871 7.5920296 0.0005488 -0.0558335 -0.0132842 0.9983516
23.285910 -8.9841509 -0.0286093 7.6791887 -0.0013786 -0.0585532 -0.0128185 0.9982011
23.493760 -9.0068216 -0.0306303 7.8513069 -0.0036690 -0.0647031 -0.0114375 0.9978322
23.597640 -9.0188847 -0.0315479 7.9358001 -0.0033183 -0.0680360 -0.0117111 0.9976086
23.805540 -9.0461264 -0.0337766 8.1012402 -0.0007585 -0.0738824 -0.0153810 0.9971481
23.909390 -9.0594053 -0.0346784 8.1836872 0.0007431 -0.0769428 -0.0149536 0.9969231
24.117270 -9.0885391 -0.0371375 8.3491497 -0.0010377 -0.0820015 -0.0165810 0.9964938
24.221270 -9.1029463 -0.0380690 8.4301767 -0.0030842 -0.0851266 -0.0165725 0.9962276
24.325140 -9.1180067 -0.0396447 8.5113087 -0.0042849 -0.0882597 -0.0161481 0.9959574
24.429140 -9.1330881 -0.0401185 8.5909662 -0.0023367 -0.0918941 -0.0150065 0.9956530
24.533020 -9.1486807 -0.0404524 8.6692171 0.0012236 -0.0962156 -0.0139987 0.9952613
24.740760 -9.1829939 -0.0433478 8.8266821 0.0006162 -0.1062368 -0.0125517 0.9942614
24.844640 -9.2014551 -0.0438993 8.9054823 -0.0024743 -0.1119706 -0.0121015 0.9936348
24.948510 -9.2210531 -0.0443743 8.9838219 -0.0061897 -0.1180694 -0.0125785 0.9929064
25.052390 -9.2414761 -0.0451963 9.0610256 -0.0079541 -0.1237868 -0.0126130 0.9921968
25.260140 -9.2852154 -0.0461040 9.2119188 -0.0005768 -0.1357497 -0.0152087 0.9906263
25.467890 -9.3311691 -0.0463567 9.3625813 -0.0006394 -0.1483667 -0.0132105 0.9888440
25.675640 -9.3823681 -0.0476402 9.5145130 -0.0070485 -0.1604338 -0.0127205 0.9869395
25.987390 -9.4640741 -0.0488048 9.7372637 -0.0007245 -0.1776965 -0.0096652 0.9840376
26.195270 -9.5218878 -0.0502024 9.8847618 0.0030839 -0.1855910 -0.0081951 0.9825881
26.403140 -9.5845079 -0.0532332 10.0321188 0.0024476 -0.1937744 -0.0105785 0.9809861
26.611020 -9.6479588 -0.0545515 10.1792002 -0.0051149 -0.2015860 -0.0106631 0.9793994
26.818890 -9.7161388 -0.0554852 10.3240433 -0.0052492 -0.2077042 -0.0191598 0.9779899
27.026890 -9.7829504 -0.0556416 10.4691010 0.0016820 -0.2132799 -0.0148761 0.9768764
27.234770 -9.8527908 -0.0564790 10.6146450 0.0001619 -0.2178190 -0.0180283 0.9758226
27.546520 -9.9602070 -0.0593369 10.8326263 0.0019621 -0.2260423 -0.0169679 0.9739677
27.754390 -10.0335016 -0.0610700 10.9760952 0.0062063 -0.2311663 -0.0170201 0.9727456
28.066150 -10.1466475 -0.0652021 11.1907578 0.0031308 -0.2380597 -0.0192123 0.9710554
28.274040 -10.2221441 -0.0677141 11.3317223 0.0033986 -0.2428091 -0.0172709 0.9699144
28.481890 -10.2994566 -0.0696286 11.4708061 0.0031407 -0.2473317 -0.0176630 0.9687648
28.689660 -10.3761024 -0.0727037 11.6063213 0.0050386 -0.2521459 -0.0169126 0.9675283
28.897520 -10.4524479 -0.0758547 11.7388573 0.0082929 -0.2565989 -0.0152478 0.9663621
29.105390 -10.5297842 -0.0783677 11.8704386 0.0022651 -0.2602232 -0.0167485 0.9654006
29.313270 -10.6044569 -0.0802491 11.9982958 -0.0053687 -0.2633406 -0.0154930 0.9645636
29.417270 -10.6410694 -0.0801320 12.0596085 -0.0052981 -0.2649130 -0.0139878 0.9641563
29.625020 -10.7129431 -0.0809569 12.1777925 -0.0023758 -0.2682867 -0.0124511 0.9632557
29.832900 -10.7818384 -0.0814961 12.2894459 -0.0018361 -0.2709571 -0.0108990 0.9625279
30.040770 -10.8476629 -0.0830649 12.3941364 -0.0032135 -0.2732589 -0.0107491 0.9618751
30.248520 -10.9081993 -0.0833748 12.4911747 -0.0039095 -0.2758227 -0.0086684 0.9611615
30.456270 -10.9652834 -0.0839407 12.5788460 -0.0012499 -0.2778723 -0.0088296 0.9605767
30.664040 -11.0172520 -0.0852639 12.6585712 0.0012702 -0.2812198 -0.0062422 0.9596223
30.871790 -11.0649252 -0.0862035 12.7314453 -0.0001867 -0.2866012 -0.0043543 0.9580401
31.079540 -11.1113148 -0.0869632 12.7955656 -0.0019829 -0.2927854 -0.0087628 0.9561360
31.287140 -11.1540461 -0.0874108 12.8535786 -0.0069603 -0.2997620 -0.0108762 0.9539266
31.494660 -11.1910810 -0.0876838 12.9042511 -0.0089860 -0.3098895 -0.0077264 0.9506987
31.702150 -11.2267189 -0.0880878 12.9477787 -0.0104438 -0.3247304 -0.0066438 0.9457256
31.909520 -11.2613611 -0.0888996 12.9834728 -0.0087941 -0.3440996 -0.0072941 0.9388637
32.116900 -11.2936630 -0.0887687 13.0140572 -0.0036565 -0.3651306 -0.0058362 0.9309309
32.324400 -11.3265762 -0.0887798 13.0405493 0.0012883 -0.3858929 -0.0100865 0.9224876
32.531770 -11.3609867 -0.0882581 13.0668678 0.0006748 -0.4084367 -0.0101802 0.9127296
32.739270 -11.3966789 -0.0875230 13.0915489 -0.0014618 -0.4334805 -0.0097836 0.9011087
32.946650 -11.4347582 -0.0872281 13.1123009 -0.0031830 -0.4604708 -0.0140013 0.8875588
33.154020 -11.4734116 -0.0870547 13.1303883 -0.0037860 -0.4873936 -0.0173966 0.8730009
33.361650 -11.5130272 -0.0878011 13.1453705 -0.0046058 -0.5144055 -0.0217927 0.8572577
33.569020 -11.5550175 -0.0880262 13.1589785 -0.0036035 -0.5436565 -0.0207092 0.8390446
33.776420 -11.6047049 -0.0870984 13.1710901 -0.0013430 -0.5764882 -0.0188769 0.8168863
33.983650 -11.6624794 -0.0859611 13.1810274 -0.0012355 -0.6123856 -0.0180066 0.7903531
34.191020 -11.7275457 -0.0841818 13.1845913 -0.0005611 -0.6501386 -0.0163830 0.7596388
34.398420 -11.7993479 -0.0827820 13.1819105 -0.0021755 -0.6881790 -0.0166809 0.7253460
34.605900 -11.8769531 -0.0805922 13.1740131 -0.0063040 -0.7263147 -0.0162408 0.6871415
34.813400 -11.9593143 -0.0773784 13.1555843 -0.0092230 -0.7620879 -0.0154650 0.6472231
34.917150 -12.0028839 -0.0754153 13.1427832 -0.0101795 -0.7788577 -0.0153988 0.6269289
35.021020 -12.0485048 -0.0740688 13.1272535 -0.0117590 -0.7946025 -0.0148572 0.6068344
35.124770 -12.0946445 -0.0719604 13.1094284 -0.0134392 -0.8096865 -0.0136838 0.5865492
35.228670 -12.1411886 -0.0708461 13.0886202 -0.0156095 -0.8240077 -0.0123504 0.5662289
35.332520 -12.1890259 -0.0693187 13.0647430 -0.0175307 -0.8373042 -0.0112857 0.5463397
35.436400 -12.2374964 -0.0677592 13.0376682 -0.0191230 -0.8496642 -0.0104602 0.5268735
35.540420 -12.2870026 -0.0662493 13.0074530 -0.0201019 -0.8608873 -0.0099241 0.5083016
35.644400 -12.3383989 -0.0642948 12.9736595 -0.0204852 -0.8706580 -0.0097010 0.4913663
35.852770 -12.4433689 -0.0601652 12.8972616 -0.0191787 -0.8850617 -0.0099034 0.4649729
35.957050 -12.4976149 -0.0587302 12.8555870 -0.0184307 -0.8899655 -0.0098945 0.4555477
36.061290 -12.5544205 -0.0569828 12.8120728 -0.0180486 -0.8938468 -0.0103287 0.4478901
36.165670 -12.6119499 -0.0546333 12.7664261 -0.0185081 -0.8969198 -0.0102846 0.4416860
36.269900 -12.6714249 -0.0528515 12.7187691 -0.0191920 -0.8995759 -0.0104280 0.4362181
36.374170 -12.7324238 -0.0507400 12.6694460 -0.0199153 -0.9017766 -0.0105192 0.4316154
36.478420 -12.7937756 -0.0483783 12.6180248 -0.0196788 -0.9034754 -0.0109146 0.4280489
36.686900 -12.9209194 -0.0440074 12.5113115 -0.0199514 -0.9062291 -0.0112532 0.4221661
36.895150 -13.0539913 -0.0394540 12.3968792 -0.0209089 -0.9077390 -0.0113355 0.4188608
37.103550 -13.1924458 -0.0343257 12.2781754 -0.0210080 -0.9082146 -0.0110849 0.4178302
37.311780 -13.3364944 -0.0294523 12.1538992 -0.0211643 -0.9086021 -0.0100091 0.4170061
37.520030 -13.4857883 -0.0240383 12.0234957 -0.0213745 -0.9088888 -0.0117320 0.4163252
37.728150 -13.6389904 -0.0190864 11.8904104 -0.0216547 -0.9093352 -0.0128181 0.4153026
37.936280 -13.7955265 -0.0131128 11.7531004 -0.0217144 -0.9096624 -0.0108547 0.4146383
38.144280 -13.9578390 -0.0073289 11.6110668 -0.0233803 -0.9100299 -0.0095506 0.4137724
38.352280 -14.1231585 -0.0025747 11.4649248 -0.0217958 -0.9106556 -0.0064188 0.4125411
38.560150 -14.2927084 0.0008526 11.3148842 -0.0191716 -0.9109405 -0.0054633 0.4120561
38.768150 -14.4657907 0.0048236 11.1617012 -0.0189188 -0.9109225 -0.0079152 0.4120674
38.976020 -14.6392250 0.0085223 11.0080748 -0.0208954 -0.9109847 -0.0095258 0.4118004
39.183930 -14.8131437 0.0129106 10.8532619 -0.0215324 -0.9110617 -0.0098359 0.4115898
39.391750 -14.9862862 0.0168688 10.6989450 -0.0211659 -0.9111478 -0.0108632 0.4113925
39.599580 -15.1600132 0.0219547 10.5440130 -0.0216534 -0.9112304 -0.0119947 0.4111525
39.911280 -15.4181128 0.0296588 10.3139620 -0.0219345 -0.9118015 -0.0107043 0.4099053
40.119140 -15.5900707 0.0345544 10.1595659 -0.0219035 -0.9122926 -0.0105955 0.4088157
40.326930 -15.7591276 0.0384602 10.0065784 -0.0210527 -0.9125398 -0.0101551 0.4083196
40.534990 -15.9286318 0.0426372 9.8532286 -0.0191099 -0.9126460 -0.0113043 0.4081475
40.742540 -16.0977020 0.0466648 9.7010355 -0.0180885 -0.9122327 -0.0109743 0.4091257
40.950400 -16.2671928 0.0503105 9.5500250 -0.0176186 -0.9115409 -0.0106207 0.4106945
41.158230 -16.4376450 0.0552211 9.3992805 -0.0208989 -0.9109339 -0.0128142 0.4118234
41.365930 -16.6082993 0.0612676 9.2491522 -0.0242670 -0.9105432 -0.0158248 0.4123976
41.469820 -16.6923218 0.0642812 9.1745701 -0.0231301 -0.9105349 -0.0139305 0.4125496
41.573580 -16.7764206 0.0672700 9.0998087 -0.0220178 -0.9105668 -0.0118915 0.4126039
41.677410 -16.8606319 0.0700632 9.0256357 -0.0223388 -0.9105414 -0.0117643 0.4126464
41.781210 -16.9442291 0.0727444 8.9513102 -0.0227038 -0.9105549 -0.0133591 0.4125479
41.885060 -17.0282440 0.0753583 8.8776388 -0.0234912 -0.9106202 -0.0137094 0.4123483
42.092740 -17.1947441 0.0806964 8.7300539 -0.0230063 -0.9109197 -0.0121647 0.4117621
42.300170 -17.3608227 0.0858287 8.5831738 -0.0239945 -0.9112495 -0.0147811 0.4108894
42.507790 -17.5239830 0.0922924 8.4369326 -0.0254222 -0.9114196 -0.0159812 0.4103811
42.715290 -17.6838913 0.0983783 8.2934723 -0.0254407 -0.9117334 -0.0141046 0.4097513
42.922920 -17.8452187 0.1047306 8.1498737 -0.0235001 -0.9116967 -0.0140497 0.4099505
43.130550 -18.0045853 0.1106893 8.0068493 -0.0219178 -0.9114145 -0.0144584 0.4106509
43.338330 -18.1637611 0.1163121 7.8652601 -0.0219342 -0.9111115 -0.0148103 0.4113094
43.545910 -18.3213692 0.1208022 7.7248631 -0.0206664 -0.9108520 -0.0142259 0.4119698
43.753650 -18.4790154 0.1267971 7.5867500 -0.0229962 -0.9105716 -0.0136618 0.4124850
43.961280 -18.6328297 0.1315256 7.4519091 -0.0228055 -0.9104605 -0.0124766 0.4127782
44.169050 -18.7823029 0.1354437 7.3208876 -0.0222291 -0.9101470 -0.0096190 0.4135770
44.376660 -18.9299107 0.1386364 7.1908875 -0.0212398 -0.9099276 -0.0113067 0.4140685
44.584310 -19.0734100 0.1412950 7.0657578 -0.0207197 -0.9100149 -0.0111888 0.4139063
44.792180 -19.2120724 0.1442979 6.9452343 -0.0208436 -0.9100400 -0.0110202 0.4138494
44.999710 -19.3466034 0.1474337 6.8260822 -0.0202103 -0.9100623 -0.0113011 0.4138243
45.207330 -19.4779587 0.1509095 6.7091141 -0.0209376 -0.9099985 -0.0124704 0.4138947
45.415240 -19.6071358 0.1542737 6.5973854 -0.0223354 -0.9101221 -0.0141216 0.4134966
45.622980 -19.7313423 0.1584170 6.4894314 -0.0245797 -0.9103605 -0.0141138 0.4128443
45.831090 -19.8502388 0.1620840 6.3848515 -0.0249388 -0.9107928 -0.0140672 0.4118698
46.038180 -19.9624939 0.1644061 6.2836914 -0.0265383 -0.9114886 -0.0128527 0.4102672
46.245920 -20.0704651 0.1684605 6.1864567 -0.0287731 -0.9139166 -0.0106576 0.4047405
46.453430 -20.1708221 0.1712989 6.0901070 -0.0312519 -0.9182376 -0.0097103 0.3946755
46.660970 -20.2656593 0.1737734 5.9941673 -0.0337151 -0.9241409 -0.0091038 0.3804523
46.971930 -20.3926125 0.1774542 5.8485422 -0.0379259 -0.9365780 -0.0076128 0.3483178
47.179170 -20.4631557 0.1801980 5.7500458 -0.0358435 -0.9467416 -0.0096735 0.3198467
47.386540 -20.5241852 0.1817137 5.6504250 -0.0334821 -0.9577307 -0.0113842 0.2854845
47.593870 -20.5738506 0.1828406 5.5506830 -0.0319462 -0.9692723 -0.0130274 0.2435591
47.801160 -20.6086292 0.1837087 5.4498644 -0.0223008 -0.9798450 -0.0131186 0.1980764
48.008600 -20.6341743 0.1836328 5.3481331 -0.0147434 -0.9883087 -0.0114338 0.1513205
48.216060 -20.6516171 0.1845063 5.2452412 -0.0136858 -0.9946809 -0.0106730 0.1015322
48.423630 -20.6573620 0.1851277 5.1399679 -0.0102658 -0.9985475 -0.0135410 0.0511299
48.527420 -20.6552315 0.1860855 5.0871220 -0.0054570 -0.9995266 -0.0160516 0.0256723
48.631190 -20.6507549 0.1866635 5.0350299 -0.0041583 -0.9998320 -0.0178516 0.0001956
48.838780 -20.6366100 0.1872349 4.9332609 0.0108590 0.9984728 0.0171290 0.0513896
48.942530 -20.6263065 0.1876025 4.8839750 0.0128945 0.9968128 0.0158462 0.0771164
49.046410 -20.6123695 0.1877545 4.8356028 0.0135661 0.9945571 0.0150310 0.1022066
49.150280 -20.5958767 0.1883431 4.7877083 0.0134312 0.9917052 0.0137086 0.1270924
49.254030 -20.5776367 0.1895040 4.7412243 0.0145169 0.9881296 0.0128789 0.1523919
49.461780 -20.5349388 0.1906253 4.6476669 0.0187387 0.9793370 0.0127802 0.2009592
49.565780 -20.5086365 0.1908164 4.6016865 0.0165926 0.9745734 0.0132216 0.2230620
49.669780 -20.4799805 0.1911047 4.5566654 0.0149079 0.9696622 0.0150772 0.2435277
49.773780 -20.4505806 0.1913601 4.5110264 0.0159316 0.9647964 0.0172858 0.2619452
49.878030 -20.4196606 0.1914289 4.4658318 0.0178539 0.9602327 0.0190758 0.2779760
49.982180 -20.3862915 0.1918366 4.4208279 0.0176932 0.9559646 0.0194285 0.2923034
50.086410 -20.3517704 0.1922646 4.3762054 0.0170782 0.9521117 0.0198279 0.3046285
50.190690 -20.3160019 0.1928364 4.3315735 0.0163368 0.9487877 0.0193352 0.3148984
50.295050 -20.2790108 0.1933710 4.2865295 0.0160707 0.9460789 0.0190054 0.3229788
50.399300 -20.2405682 0.1937143 4.2409229 0.0154097 0.9438991 0.0183913 0.3293613
50.503680 -20.2016182 0.1941217 4.1955776 0.0144344 0.9421278 0.0176464 0.3344778
50.608030 -20.1617451 0.1948600 4.1487980 0.0139970 0.9406474 0.0161951 0.3387099
50.712390 -20.1208477 0.1953774 4.1014633 0.0143996 0.9394457 0.0155398 0.3420424
50.816730 -20.0788040 0.1963390 4.0522785 0.0153334 0.9384892 0.0155082 0.3446192
51.025280 -19.9921131 0.1963931 3.9524345 0.0161819 0.9371315 0.0149696 0.3482795
51.233800 -19.8998089 0.1969881 3.8506088 0.0126174 0.9364839 0.0130800 0.3502395
51.442160 -19.8048134 0.1980146 3.7412205 0.0162482 0.9363590 0.0149742 0.3503478
51.650530 -19.7049141 0.1981081 3.6280499 0.0148992 0.9366271 0.0118388 0.3498108
51.858780 -19.6007614 0.1986892 3.5095425 0.0160419 0.9368400 0.0063239 0.3493330
52.066910 -19.4904594 0.1983715 3.3813915 0.0160845 0.9369758 0.0075152 0.3489431
52.275030 -19.3731766 0.1964809 3.2499256 0.0108253 0.9370542 0.0077975 0.3489289
52.483160 -19.2521553 0.1970442 3.1103840 0.0098011 0.9369388 0.0098175 0.3492181
52.691180 -19.1242046 0.1972675 2.9644890 0.0077649 0.9369881 0.0124399 0.3490535
52.899160 -18.9931107 0.1985444 2.8158894 0.0076515 0.9368190 0.0092935 0.3496073
53.107160 -18.8580227 0.1997055 2.6597290 0.0086970 0.9366874 0.0130867 0.3498141
53.315160 -18.7190514 0.2005227 2.5001240 0.0108805 0.9366667 0.0149105 0.3497353
53.523150 -18.5773602 0.2020350 2.3367538 0.0155585 0.9366201 0.0123397 0.3497836
53.731040 -18.4329357 0.2024895 2.1704712 0.0157898 0.9368193 0.0106747 0.3492941
53.938910 -18.2850552 0.2010426 2.0017624 0.0138412 0.9369981 0.0133452 0.3488050
54.146780 -18.1388435 0.2015994 1.8331566 0.0162767 0.9371341 0.0162755 0.3482096
54.354660 -17.9941216 0.2020971 1.6626072 0.0204802 0.9370434 0.0202214 0.3480249
54.562530 -17.8494949 0.2046201 1.4933128 0.0216875 0.9368597 0.0265907 0.3480178
54.770420 -17.7065887 0.2066198 1.3281784 0.0233620 0.9370931 0.0223107 0.3475818
54.978530 -17.5651817 0.2071633 1.1669884 0.0255139 0.9376163 0.0170109 0.3463168
55.185920 -17.4243908 0.2075446 1.0041084 0.0247234 0.9378737 0.0193338 0.3455543
55.393730 -17.2844429 0.2073128 0.8413448 0.0228214 0.9386814 0.0196146 0.3434702
55.601700 -17.1471786 0.2079172 0.6794872 0.0200706 0.9414670 0.0190225 0.3359691
55.809690 -17.0188732 0.2085611 0.5169868 0.0211146 0.9458167 0.0195664 0.3234224
56.017930 -16.8986111 0.2094515 0.3485603 0.0227465 0.9517254 0.0233375 0.3052159
56.226190 -16.7884884 0.2123898 0.1783810 0.0251819 0.9594295 0.0246704 0.2797360
56.434670 -16.6875076 0.2163642 -0.0015783 0.0277108 0.9678910 0.0260650 0.2484749
56.643030 -16.6012039 0.2197205 -0.1828737 0.0311652 0.9755722 0.0216669 0.2163752
56.747290 -16.5637207 0.2208542 -0.2741919 0.0322456 0.9791102 0.0171633 0.2000222
56.955550 -16.4944458 0.2220553 -0.4572964 0.0287617 0.9853267 0.0129241 0.1677411
57.163560 -16.4380245 0.2215376 -0.6462336 0.0284976 0.9895835 0.0121907 0.1405838
57.371290 -16.3888664 0.2231925 -0.8401160 0.0295985 0.9922472 0.0118384 0.1201220
57.475150 -16.3667297 0.2232866 -0.9385004 0.0280330 0.9933619 0.0145907 0.1106050
57.579070 -16.3464317 0.2245467 -1.0385423 0.0279557 0.9943359 0.0156428 0.1013401
57.682930 -16.3283424 0.2258885 -1.1389010 0.0279169 0.9951954 0.0154421 0.0925653
57.786690 -16.3104534 0.2274380 -1.2393677 0.0275694 0.9959717 0.0131987 0.0842985
57.890570 -16.2947903 0.2282336 -1.3411798 0.0293453 0.9965136 0.0118253 0.0771991
57.994890 -16.2800674 0.2301285 -1.4454279 0.0321429 0.9967941 0.0136706 0.0719825
58.098070 -16.2661877 0.2317549 -1.5503854 0.0346359 0.9968868 0.0184969 0.0683740
58.201850 -16.2524529 0.2344522 -1.6571642 0.0361372 0.9968539 0.0229239 0.0667155
58.305440 -16.2384129 0.2374347 -1.7636354 0.0353675 0.9969180 0.0229668 0.0661534
58.409230 -16.2235298 0.2404412 -1.8709621 0.0337645 0.9970304 0.0214843 0.0657939
58.512810 -16.2072544 0.2433313 -1.9791640 0.0311180 0.9972075 0.0190384 0.0651651
58.616560 -16.1908665 0.2455776 -2.0888333 0.0270403 0.9973654 0.0178276 0.0649094
58.720450 -16.1746922 0.2476317 -2.2001104 0.0246097 0.9974360 0.0177684 0.0648084
58.824030 -16.1590309 0.2503548 -2.3123186 0.0236137 0.9974253 0.0187341 0.0650721
59.031700 -16.1278114 0.2551330 -2.5390713 0.0224183 0.9973672 0.0197322 0.0660819
59.239170 -16.0953026 0.2605611 -2.7682705 0.0206383 0.9973672 0.0180043 0.0671466
59.343070 -16.0782089 0.2628382 -2.8840513 0.0195029 0.9973905 0.0168351 0.0674425
59.550680 -16.0446301 0.2665769 -3.1168780 0.0167720 0.9975110 0.0162869 0.0665233
59.654550 -16.0286293 0.2684047 -3.2337596 0.0160356 0.9975674 0.0165598 0.0657873
59.758420 -16.0121689 0.2703309 -3.3508506 0.0158448 0.9976266 0.0167596 0.0648787
59.862460 -15.9965477 0.2721694 -3.4676681 0.0153822 0.9976769 0.0167453 0.0642168
60.069690 -15.9664726 0.2751620 -3.6986003 0.0151370 0.9976957 0.0189658 0.0633599
60.173450 -15.9513130 0.2773333 -3.8125873 0.0146159 0.9977180 0.0197414 0.0628924
60.381050 -15.9216690 0.2817400 -4.0395060 0.0138245 0.9978307 0.0176279 0.0619028
60.588540 -15.8922157 0.2842973 -4.2640643 0.0133380 0.9979064 0.0172593 0.0608844
60.797000 -15.8639927 0.2873812 -4.4883528 0.0123020 0.9980287 0.0186301 0.0586548
60.900200 -15.8505917 0.2889917 -4.5997219 0.0121004 0.9981141 0.0185750 0.0572434
61.003920 -15.8376751 0.2909399 -4.7107649 0.0114760 0.9982105 0.0181126 0.0558215
61.107700 -15.8245945 0.2926055 -4.8206038 0.0109227 0.9983150 0.0175311 0.0542273
61.211580 -15.8123264 0.2942382 -4.9303312 0.0104544 0.9983802 0.0183342 0.0528357
61.315290 -15.8002834 0.2955668 -5.0376215 0.0101860 0.9984469 0.0191082 0.0513321
61.419200 -15.7889519 0.2979445 -5.1450367 0.0106649 0.9985027 0.0196580 0.0499210
61.522950 -15.7781105 0.2997309 -5.2515826 0.0110675 0.9985543 0.0198591 0.0487073
61.626790 -15.7674046 0.3018376 -5.3583851 0.0110967 0.9986167 0.0194373 0.0475797
61.834510 -15.7461529 0.3055743 -5.5691099 0.0110240 0.9987069 0.0190524 0.0458249
61.938390 -15.7358437 0.3075576 -5.6742382 0.0103267 0.9987355 0.0193531 0.0452338
62.042070 -15.7259922 0.3091339 -5.7789669 0.0099645 0.9987687 0.0186814 0.0448641
62.145930 -15.7157803 0.3108553 -5.8823614 0.0098075 0.9988284 0.0164207 0.0444515
62.249910 -15.7062016 0.3124466 -5.9851055 0.0093520 0.9988570 0.0149789 0.0444183
62.353660 -15.6969681 0.3128931 -6.0876179 0.0095358 0.9988486 0.0146488 0.0446763
62.457420 -15.6864452 0.3144268 -6.1903095 0.0099333 0.9988320 0.0151106 0.0448068
62.561290 -15.6768322 0.3154076 -6.2921071 0.0108862 0.9987991 0.0155948 0.0451527
62.665290 -15.6673622 0.3168020 -6.3939929 0.0115985 0.9987645 0.0161104 0.0455567
62.769050 -15.6576881 0.3176770 -6.4952874 0.0121108 0.9987245 0.0166231 0.0461137
62.872800 -15.6477108 0.3190571 -6.5967426 0.0122725 0.9986964 0.0170005 0.0465389
62.976670 -15.6375370 0.3204348 -6.6973858 0.0116924 0.9986787 0.0171335 0.0470158
63.080660 -15.6267414 0.3216274 -6.7974234 0.0117043 0.9986761 0.0166244 0.0472511
63.184460 -15.6168575 0.3229405 -6.8969145 0.0129197 0.9986280 0.0159887 0.0481627
63.288240 -15.6058083 0.3241055 -6.9955931 0.0132050 0.9985722 0.0154448 0.0494047
63.495820 -15.5841084 0.3251927 -7.1926880 0.0126220 0.9984565 0.0145523 0.0520921
63.703640 -15.5620842 0.3277973 -7.3860984 0.0122551 0.9983885 0.0141599 0.0535695
63.911420 -15.5395603 0.3287307 -7.5755606 0.0106441 0.9983897 0.0162838 0.0532865
64.119460 -15.5189056 0.3306149 -7.7597852 0.0099706 0.9984491 0.0168696 0.0521100
64.327430 -15.4990215 0.3325539 -7.9366360 0.0084524 0.9986248 0.0168697 0.0489135
64.535560 -15.4829369 0.3337843 -8.1074524 0.0089193 0.9989107 0.0169653 0.0425455
64.743580 -15.4707928 0.3355987 -8.2689695 0.0109597 0.9991797 0.0180195 0.0345699
65.055500 -15.4591980 0.3375162 -8.4975271 0.0141687 0.9994546 0.0189919 0.0230011
65.575320 -15.4508705 0.3418624 -8.8242340 0.0173589 0.9996566 0.0179364 0.0079824
65.887300 -15.4496565 0.3445433 -8.9827347 0.0188083 0.9996250 0.0198259 0.0017300
66.095340 -15.4495869 0.3448756 -9.0740433 -0.0194345 -0.9995928 -0.0208587 0.0011628
66.199080 -15.4504232 0.3462797 -9.1169195 -0.0208916 -0.9995669 -0.0205965 0.0022978
66.303070 -15.4509907 0.3474056 -9.1563864 -0.0213313 -0.9995484 -0.0209425 0.0030714
66.407050 -15.4501104 0.3473723 -9.1909723 -0.0210883 -0.9995345 -0.0217543 0.0035928
66.512930 -15.4514351 0.3474815 -9.2232456 -0.0211577 -0.9995199 -0.0224101 0.0031637
67.031610 -15.4471989 0.3471593 -9.3421059 0.0172322 0.9996548 0.0197752 0.0015517
67.966080 -15.4407368 0.3506669 -9.4850559 0.0162450 0.9995499 0.0178456 0.0178231
70.254450 -15.4308243 0.3515135 -9.5450583 0.0128046 0.9989448 0.0167475 0.0408016
75.039850 -15.4274292 0.3512914 -9.5515995 0.0134339 0.9983956 0.0162865 0.0525408
75.663570 -15.4202385 0.3514384 -9.5720053 0.0127951 0.9965228 0.0163177 0.0806987
75.767480 -15.4179668 0.3514416 -9.5763083 0.0126671 0.9959735 0.0162137 0.0872555
75.975180 -15.4123688 0.3519348 -9.5878029 0.0122394 0.9945472 0.0146641 0.1025237
76.495070 -15.3886929 0.3523558 -9.6410227 0.0121299 0.9885437 0.0150980 0.1496874
76.702070 -15.3733559 0.3528003 -9.6714630 0.0107482 0.9846534 0.0171827 0.1733404
76.909690 -15.3548508 0.3536257 -9.7047901 0.0116607 0.9798090 0.0187724 0.1987106
77.117090 -15.3324261 0.3538567 -9.7402458 0.0126676 0.9734132 0.0218623 0.2276586
77.324460 -15.3047447 0.3547353 -9.7784901 0.0133459 0.9645237 0.0222196 0.2627209
77.531820 -15.2689838 0.3553197 -9.8199234 0.0116626 0.9522281 0.0197803 0.3045233
77.739080 -15.2215462 0.3555522 -9.8672047 0.0138459 0.9354964 0.0185633 0.3525767
77.946530 -15.1601295 0.3574381 -9.9187508 0.0167451 0.9152895 0.0159451 0.4021324
78.153970 -15.0807457 0.3580648 -9.9713688 0.0176798 0.8927158 0.0160646 0.4499867
78.361560 -14.9849234 0.3586357 -10.0214624 0.0172091 0.8674865 0.0184156 0.4968219
78.569310 -14.8746567 0.3590982 -10.0672092 0.0176587 0.8390183 0.0240763 0.5432833
78.776930 -14.7479191 0.3602760 -10.1062040 0.0176282 0.8078969 0.0282904 0.5883803
78.880800 -14.6794033 0.3609806 -10.1218042 0.0176954 0.7919681 0.0301208 0.6095623
78.984860 -14.6073666 0.3620351 -10.1340437 0.0180671 0.7763007 0.0311633 0.6293327
79.088830 -14.5315142 0.3628651 -10.1439667 0.0194783 0.7614579 0.0315614 0.6471525
79.192960 -14.4529057 0.3637738 -10.1511879 0.0201935 0.7481461 0.0306993 0.6625159
79.297060 -14.3700142 0.3646636 -10.1563530 0.0202648 0.7367200 0.0295198 0.6752493
79.401310 -14.2844696 0.3658693 -10.1595135 0.0208779 0.7273656 0.0277115 0.6853727
79.505690 -14.1956444 0.3655169 -10.1610632 0.0218036 0.7199819 0.0269683 0.6931258
79.610070 -14.1029854 0.3659045 -10.1619005 0.0224703 0.7140759 0.0267434 0.6991964
79.714470 -14.0080757 0.3659109 -10.1619473 0.0235934 0.7087784 0.0266900 0.7045311
79.818800 -13.9114704 0.3652071 -10.1600733 0.0250676 0.7038569 0.0263555 0.7094099
79.923050 -13.8120346 0.3639219 -10.1572247 0.0268543 0.6986203 0.0254929 0.7145339
80.027420 -13.7095604 0.3634031 -10.1518192 0.0279937 0.6937084 0.0239675 0.7193125
80.131680 -13.6038141 0.3619628 -10.1455984 0.0271602 0.6892478 0.0225278 0.7236658
80.235930 -13.4955854 0.3597938 -10.1380196 0.0256816 0.6859328 0.0209644 0.7269094
80.444550 -13.2713509 0.3570263 -10.1196270 0.0234960 0.6833887 0.0178581 0.7294580
80.548940 -13.1556015 0.3541434 -10.1098652 0.0226941 0.6832749 0.0181993 0.7295815
80.757320 -12.9159279 0.3509846 -10.0927029 0.0226511 0.6817394 0.0190363 0.7309965
80.965550 -12.6674423 0.3468317 -10.0724306 0.0229635 0.6785741 0.0189835 0.7339274
81.069680 -12.5393658 0.3451890 -10.0619621 0.0231291 0.6768818 0.0188910 0.7354858
81.173790 -12.4106884 0.3434381 -10.0501747 0.0228136 0.6750076 0.0185588 0.7372244
81.277810 -12.2809105 0.3409075 -10.0372801 0.0221095 0.6731715 0.0196053 0.7388958
81.485930 -12.0164375 0.3364058 -10.0088825 0.0203579 0.6698482 0.0222755 0.7418846
81.694050 -11.7463236 0.3326330 -9.9779749 0.0207773 0.6694657 0.0209665 0.7422563
81.902180 -11.4718103 0.3291896 -9.9481459 0.0202604 0.6702957 0.0219377 0.7414930
82.110180 -11.1989231 0.3241086 -9.9176788 0.0200059 0.6710191 0.0244277 0.7407674
82.318180 -10.9292393 0.3213900 -9.8897400 0.0199639 0.6715440 0.0245624 0.7402883
82.526180 -10.6649055 0.3150234 -9.8625460 0.0205897 0.6720507 0.0230979 0.7398584
82.734050 -10.4006233 0.3123651 -9.8333387 0.0199985 0.6728109 0.0233885 0.7391742
83.046050 -10.0049429 0.3059304 -9.7931862 0.0208054 0.6735837 0.0230234 0.7384593
83.149930 -9.8739758 0.3028274 -9.7794333 0.0213051 0.6739455 0.0227315 0.7381238
83.357930 -9.6122456 0.2984626 -9.7543230 0.0183649 0.6741968 0.0238689 0.7379375
83.461930 -9.4824362 0.2964636 -9.7417212 0.0169486 0.6744922 0.0241001 0.7376939
83.669810 -9.2279863 0.2931014 -9.7160950 0.0166464 0.6748304 0.0218163 0.7374625
83.773690 -9.0995693 0.2910840 -9.7046356 0.0168039 0.6748224 0.0215644 0.7374735
83.981560 -8.8473778 0.2876737 -9.6808090 0.0160898 0.6749989 0.0223339 0.7373051
84.085580 -8.7195816 0.2860195 -9.6686535 0.0164913 0.6751859 0.0224578 0.7371212
84.397140 -8.3496227 0.2801264 -9.6363621 0.0201853 0.6741831 0.0241427 0.7378935
84.604690 -8.1033850 0.2750012 -9.6129045 0.0197941 0.6719089 0.0255310 0.7399289
84.812320 -7.8601141 0.2714612 -9.5868435 0.0187087 0.6698446 0.0239009 0.7418807
84.916060 -7.7402220 0.2692252 -9.5730495 0.0187827 0.6688522 0.0229239 0.7428045
85.123720 -7.5008564 0.2653061 -9.5451317 0.0181581 0.6672848 0.0229749 0.7442267
85.227440 -7.3820300 0.2637966 -9.5316877 0.0179641 0.6665305 0.0233192 0.7448964
85.331180 -7.2637687 0.2618440 -9.5182848 0.0175584 0.6658735 0.0234060 0.7454906
85.435100 -7.1461701 0.2600254 -9.5039425 0.0169625 0.6655133 0.0234376 0.7458251
85.538870 -7.0298848 0.2578841 -9.4893246 0.0161571 0.6652968 0.0231140 0.7460462
85.642600 -6.9141779 0.2563271 -9.4752064 0.0156743 0.6653896 0.0228537 0.7459817
85.746450 -6.7990332 0.2553028 -9.4619942 0.0154264 0.6656341 0.0217425 0.7458019
85.850400 -6.6847429 0.2539331 -9.4488525 0.0155446 0.6661066 0.0216709 0.7453796
85.954220 -6.5715170 0.2524572 -9.4356575 0.0157954 0.6667247 0.0221408 0.7448078
86.058060 -6.4579649 0.2512446 -9.4229822 0.0170686 0.6676205 0.0230860 0.7439479
86.161940 -6.3446498 0.2494947 -9.4113150 0.0185385 0.6683676 0.0237525 0.7432207
86.266420 -6.2323737 0.2480383 -9.3994141 0.0200038 0.6692706 0.0243853 0.7423490
86.369740 -6.1191626 0.2462668 -9.3872347 0.0202123 0.6702234 0.0252733 0.7414536
86.473600 -6.0068159 0.2444768 -9.3764544 0.0196211 0.6709306 0.0260651 0.7408022
86.577490 -5.8942962 0.2427046 -9.3645020 0.0184932 0.6718695 0.0261371 0.7399772
86.681310 -5.7824674 0.2418463 -9.3537598 0.0182293 0.6726175 0.0257104 0.7393188
86.785510 -5.6711063 0.2403523 -9.3428669 0.0180926 0.6734143 0.0246743 0.7386319
86.889090 -5.5602231 0.2385977 -9.3319759 0.0187505 0.6741314 0.0236356 0.7379951
86.992950 -5.4502182 0.2370949 -9.3212595 0.0197633 0.6748456 0.0224363 0.7373530
87.096690 -5.3395023 0.2352466 -9.3112812 0.0207172 0.6754200 0.0220888 0.7368112
87.200570 -5.2295890 0.2333055 -9.3008633 0.0208055 0.6758558 0.0217834 0.7364181
87.304430 -5.1191592 0.2317105 -9.2913542 0.0204414 0.6759953 0.0225525 0.7362770
87.408330 -5.0095520 0.2292611 -9.2812901 0.0191057 0.6759123 0.0232103 0.7363687
87.512180 -4.9003553 0.2275630 -9.2710133 0.0177122 0.6757903 0.0229068 0.7365251
87.719790 -4.6865826 0.2231947 -9.2509565 0.0142797 0.6753653 0.0203949 0.7370631
87.927320 -4.4723883 0.2213219 -9.2306137 0.0124224 0.6750149 0.0171950 0.7374991
88.135050 -4.2600603 0.2180503 -9.2104816 0.0126306 0.6746150 0.0151954 0.7379053
88.342600 -4.0474844 0.2148738 -9.1907959 0.0127922 0.6740622 0.0183846 0.7383350
88.550190 -3.8349295 0.2121886 -9.1695862 0.0121069 0.6733791 0.0219906 0.7388710
88.757820 -3.6246996 0.2101738 -9.1486759 0.0158819 0.6728342 0.0200360 0.7393514
88.965560 -3.4170237 0.2070838 -9.1268492 0.0162989 0.6726118 0.0192336 0.7395660
89.277420 -3.1056752 0.1998901 -9.0938282 0.0199096 0.6728472 0.0192401 0.7392632
89.588990 -2.7967811 0.1934935 -9.0634279 0.0196320 0.6736431 0.0228985 0.7384411
89.796830 -2.5912733 0.1905715 -9.0432816 0.0193401 0.6745158 0.0224197 0.7376664
90.108700 -2.2870851 0.1843657 -9.0138340 0.0176481 0.6758154 0.0218473 0.7365357
90.316520 -2.0861301 0.1811264 -8.9950123 0.0176627 0.6766993 0.0227335 0.7356964
90.524330 -1.8875079 0.1788616 -8.9779196 0.0177858 0.6772670 0.0224494 0.7351797
90.628220 -1.7885661 0.1776409 -8.9692945 0.0164423 0.6775185 0.0220574 0.7349910
90.836200 -1.5989404 0.1741274 -8.9525070 0.0155454 0.6782095 0.0218938 0.7343779
91.044070 -1.4148755 0.1705389 -8.9352274 0.0133098 0.6787220 0.0218835 0.7339485
91.148110 -1.3260975 0.1694443 -8.9279556 0.0135515 0.6783082 0.0222518 0.7343155
91.355930 -1.1565166 0.1683888 -8.9125938 0.0145544 0.6763918 0.0212746 0.7360908
91.563820 -0.9947958 0.1652959 -8.8964853 0.0131537 0.6732607 0.0194600 0.7390320
91.667690 -0.9175105 0.1643804 -8.8893509 0.0136845 0.6712129 0.0187692 0.7409006
91.875570 -0.7687936 0.1624250 -8.8703852 0.0161587 0.6654651 0.0185032 0.7460247
92.083700 -0.6285653 0.1585166 -8.8500481 0.0175253 0.6567404 0.0181169 0.7536953
92.187280 -0.5624924 0.1565437 -8.8381329 0.0177588 0.6521146 0.0179485 0.7576998
92.291780 -0.4981246 0.1546911 -8.8264818 0.0176574 0.6467885 0.0183250 0.7622448
92.394820 -0.4370351 0.1531731 -8.8138485 0.0173127 0.6408792 0.0191198 0.7672083
92.607140 -0.3218417 0.1500018 -8.7859106 0.0165607 0.6271716 0.0169544 0.7785205
92.812670 -0.2125459 0.1473862 -8.7539272 0.0161690 0.6108971 0.0154423 0.7913942
93.017610 -0.1089125 0.1439160 -8.7183847 0.0150357 0.5921667 0.0144875 0.8055450
93.225060 -0.0125108 0.1408459 -8.6784506 0.0156622 0.5688193 0.0123526 0.8222206
93.432440 0.0779023 0.1373486 -8.6329927 0.0185270 0.5383854 0.0109266 0.8424243
93.639690 0.1616755 0.1334575 -8.5806904 0.0190322 0.4988677 0.0140475 0.8663553
93.847210 0.2366288 0.1280008 -8.5189915 0.0163684 0.4539880 0.0107101 0.8907931
94.054400 0.3019614 0.1249394 -8.4529810 0.0186028 0.4069663 0.0086181 0.9132131
94.261830 0.3596106 0.1201475 -8.3803101 0.0177417 0.3599336 0.0077084 0.9327774
94.469450 0.4096286 0.1170537 -8.3009005 0.0126174 0.3117499 0.0007647 0.9500801
94.677090 0.4540337 0.1141174 -8.2161245 0.0066782 0.2626933 0.0030307 0.9648516
94.780820 0.4726774 0.1124948 -8.1713667 0.0030594 0.2382724 0.0020331 0.9711914
94.884790 0.4879908 0.1107806 -8.1246185 -0.0015410 0.2138288 -0.0030664 0.9768651
94.988570 0.5020860 0.1099443 -8.0771065 -0.0028030 0.1894705 -0.0045703 0.9818718
95.092440 0.5153789 0.1092121 -8.0296698 -0.0018788 0.1651137 -0.0051157 0.9862595
95.196460 0.5268151 0.1083746 -7.9811420 -0.0010711 0.1430757 -0.0047369 0.9896998
95.300440 0.5367162 0.1075674 -7.9299021 -0.0008853 0.1231406 -0.0049252 0.9923766
95.404570 0.5437347 0.1077276 -7.8782630 -0.0008853 0.1046945 -0.0079993 0.9944718
95.508570 0.5498590 0.1068913 -7.8253365 -0.0009169 0.0876035 -0.0107765 0.9960967
95.612820 0.5552552 0.1063860 -7.7713571 -0.0008226 0.0736520 -0.0114945 0.9972174
95.717080 0.5602090 0.1057293 -7.7155561 -0.0013750 0.0625551 -0.0121735 0.9979663
95.821210 0.5642046 0.1048710 -7.6589417 -0.0019177 0.0522240 -0.0122420 0.9985585
95.925440 0.5680827 0.1043381 -7.6013169 -0.0015356 0.0430144 -0.0110822 0.9990119
96.029700 0.5711473 0.1035841 -7.5419726 -0.0007487 0.0356322 -0.0106294 0.9993082
96.133950 0.5735723 0.1029098 -7.4812431 -0.0002254 0.0286032 -0.0112106 0.9995279
96.238190 0.5750481 0.1018783 -7.4175959 -0.0000667 0.0213136 -0.0116285 0.9997053
96.342320 0.5754730 0.1013638 -7.3524780 0.0000147 0.0145837 -0.0110423 0.9998327
96.550570 0.5736886 0.0997301 -7.2148762 -0.0001072 0.0007004 -0.0097107 0.9999526
96.758950 0.5682716 0.0977920 -7.0693641 0.0007682 -0.0104817 -0.0099190 0.9998956
96.967200 0.5615609 0.0968010 -6.9145160 0.0021640 -0.0178376 -0.0106060 0.9997823
97.175570 0.5537398 0.0938243 -6.7523875 0.0023253 -0.0213796 -0.0101304 0.9997174
97.383810 0.5446528 0.0918230 -6.5833416 0.0009832 -0.0240277 -0.0094912 0.9996658
97.592070 0.5347500 0.0896362 -6.4097371 -0.0014760 -0.0271704 -0.0083205 0.9995951
97.800340 0.5237162 0.0873368 -6.2359505 -0.0036796 -0.0304890 -0.0070524 0.9995035
98.008320 0.5118964 0.0855361 -6.0615196 -0.0040669 -0.0339224 -0.0049107 0.9994041
98.216470 0.4975069 0.0843610 -5.8879561 -0.0038308 -0.0373070 -0.0042257 0.9992875
98.424320 0.4829193 0.0824745 -5.7142305 -0.0040094 -0.0396743 -0.0046286 0.9991939
98.632320 0.4674112 0.0809000 -5.5393066 -0.0037865 -0.0406519 -0.0053912 0.9991516
98.840320 0.4520143 0.0790006 -5.3652539 -0.0043211 -0.0409099 -0.0048869 0.9991416
99.048200 0.4367747 0.0773662 -5.1910954 -0.0053410 -0.0411232 -0.0049825 0.9991274
99.256070 0.4212781 0.0766866 -5.0176878 -0.0056020 -0.0411914 -0.0048133 0.9991240
99.464100 0.4054959 0.0745265 -4.8447948 -0.0051603 -0.0405792 -0.0053790 0.9991485
99.671950 0.3906517 0.0733908 -4.6733656 -0.0049438 -0.0394559 -0.0048938 0.9991971
99.879940 0.3762321 0.0719559 -4.5057449 -0.0052663 -0.0381229 -0.0041375 0.9992507
100.087800 0.3628406 0.0704469 -4.3430800 -0.0072942 -0.0369411 -0.0050465 0.9992781
100.295700 0.3498932 0.0693541 -4.1857948 -0.0056900 -0.0360197 -0.0039196 0.9993272
100.503700 0.3376499 0.0674091 -4.0344071 -0.0028226 -0.0353034 -0.0051445 0.9993594
100.711600 0.3255086 0.0644498 -3.8839748 -0.0020903 -0.0349967 -0.0065575 0.9993637
100.919600 0.3146255 0.0626249 -3.7366695 -0.0011679 -0.0345252 -0.0071179 0.9993778
101.127400 0.3027538 0.0603869 -3.5922976 -0.0001662 -0.0344488 -0.0086681 0.9993688
101.335400 0.2906875 0.0584949 -3.4501469 -0.0003037 -0.0345705 -0.0090637 0.9993612
101.543300 0.2794208 0.0551389 -3.3087437 -0.0009277 -0.0352045 -0.0084173 0.9993443
101.751200 0.2680858 0.0528538 -3.1689134 -0.0000759 -0.0366482 -0.0076936 0.9992986
101.959100 0.2566150 0.0510150 -3.0313044 0.0006513 -0.0383434 -0.0080770 0.9992318
102.166900 0.2445087 0.0476068 -2.8953645 0.0004321 -0.0401496 -0.0074527 0.9991658
102.374800 0.2326334 0.0454103 -2.7596450 -0.0001245 -0.0420951 -0.0061920 0.9990944
102.582700 0.2195020 0.0427090 -2.6261406 -0.0012224 -0.0436667 -0.0066121 0.9990235
102.790600 0.2069451 0.0408387 -2.4956310 -0.0019745 -0.0452362 -0.0069420 0.9989502
102.998500 0.1941067 0.0391647 -2.3691370 -0.0020257 -0.0456443 -0.0069350 0.9989316
103.206500 0.1813403 0.0371387 -2.2483542 -0.0019396 -0.0443159 -0.0080344 0.9989834
103.414300 0.1705487 0.0351302 -2.1314938 -0.0019243 -0.0429571 -0.0078333 0.9990444
103.622300 0.1605282 0.0334818 -2.0196869 -0.0011928 -0.0414856 -0.0078034 0.9991080
103.830300 0.1510034 0.0315968 -1.9134496 -0.0010816 -0.0402214 -0.0081159 0.9991572
104.038400 0.1422179 0.0298725 -1.8125141 -0.0013106 -0.0389985 -0.0082481 0.9992044
104.251000 0.1344741 0.0275396 -1.7184031 -0.0020402 -0.0380254 -0.0076336 0.9992455
104.455200 0.1272721 0.0262608 -1.6325481 -0.0030093 -0.0371613 -0.0086349 0.9992675
104.766200 0.1183491 0.0244125 -1.5221906 -0.0022879 -0.0359117 -0.0080241 0.9993201
104.974200 0.1137159 0.0231341 -1.4577454 -0.0018383 -0.0354851 -0.0078759 0.9993375
105.181900 0.1092109 0.0215798 -1.3977168 -0.0005518 -0.0352367 -0.0075269 0.9993505
105.390000 0.1046824 0.0204979 -1.3389642 0.0005282 -0.0347729 -0.0072535 0.9993688
105.597900 0.0999478 0.0195980 -1.2806966 -0.0000467 -0.0345699 -0.0069981 0.9993778
105.805700 0.0952766 0.0186121 -1.2237389 -0.0003201 -0.0344798 -0.0065373 0.9993840
106.013700 0.0906911 0.0174252 -1.1675236 -0.0005301 -0.0346330 -0.0062532 0.9993804
106.221500 0.0860777 0.0164568 -1.1117630 -0.0004801 -0.0367015 -0.0050899 0.9993132
106.429300 0.0799737 0.0155092 -1.0574900 -0.0005023 -0.0420589 -0.0052169 0.9991014
106.637700 0.0726417 0.0147015 -1.0038458 -0.0002528 -0.0495650 -0.0061736 0.9987518
106.845000 0.0635944 0.0138809 -0.9502335 -0.0000931 -0.0544849 -0.0079192 0.9984832
107.052900 0.0571990 0.0129102 -0.8987875 0.0000500 -0.0595489 -0.0068506 0.9982019
107.260700 0.0485363 0.0121361 -0.8465283 0.0003159 -0.0625463 -0.0088165 0.9980031
107.572800 0.0373884 0.0106735 -0.7696329 0.0005802 -0.0614101 -0.0097061 0.9980652
107.885000 0.0287310 0.0096790 -0.6943030 0.0003234 -0.0582439 -0.0092385 0.9982596
108.093000 0.0236537 0.0085979 -0.6447272 0.0006438 -0.0556310 -0.0087719 0.9984127
108.405100 0.0153466 0.0079138 -0.5704836 0.0007705 -0.0498106 -0.0087890 0.9987197
108.613000 0.0106671 0.0071349 -0.5192692 0.0020924 -0.0457349 -0.0086867 0.9989136
108.925000 0.0033800 0.0059133 -0.4339477 0.0027995 -0.0385338 -0.0081184 0.9992204
109.236800 -0.0029450 0.0045246 -0.3375778 0.0015348 -0.0308640 -0.0059741 0.9995046
109.860500 -0.0196332 0.0018956 -0.1213426 -0.0009603 -0.0167973 -0.0037942 0.9998513
110.276000 -0.0249140 -0.0003529 0.0325983 0.0021539 -0.0126566 -0.0047121 0.9999065
110.691700 -0.0223243 -0.0030862 0.1925289 0.0026340 -0.0003579 0.0030703 0.9999918
111.106600 -0.0326737 -0.0075690 0.3435178 0.0086371 -0.0252432 -0.0036647 0.9996374
111.521300 -0.0555343 -0.0118392 0.4885641 0.0028660 -0.0713022 -0.0050826 0.9974377
111.936400 -0.0922030 -0.0142464 0.6232669 -0.0031770 -0.1198796 -0.0091284 0.9927414
112.352500 -0.1315481 -0.0161237 0.7543665 -0.0074070 -0.1289819 -0.0181216 0.9914537
112.769200 -0.1554078 -0.0159873 0.8686891 -0.0109131 -0.1108299 -0.0132281 0.9936914
113.185700 -0.1641986 -0.0166659 0.9252958 -0.0092379 -0.0942708 -0.0115547 0.9954367
