0.000000 0.0000000 0.0000000 0.0000000 -0.0000000 -0.0000000 -0.0000000 1.0000000
0.103760 0.0017748 -0.0006800 0.0483024 0.0013541 0.0220066 0.0002349 0.9997569
0.311605 0.0125418 -0.0023675 0.1438370 0.0060434 0.0675312 0.0025345 0.9976956
0.415086 0.0208052 -0.0035784 0.1914076 0.0072834 0.0908552 0.0015545 0.9958363
0.518869 0.0311919 -0.0048775 0.2372724 0.0075143 0.1141731 0.0029954 0.9934279
0.726432 0.0588729 -0.0077345 0.3275674 0.0101259 0.1600345 0.0055482 0.9870439
0.933953 0.0948860 -0.0104713 0.4165856 0.0121584 0.2047286 0.0072583 0.9787164
1.141483 0.1388524 -0.0136950 0.5006168 0.0116842 0.2504142 0.0079672 0.9680355
1.452734 0.2187390 -0.0183813 0.6176380 0.0124579 0.3181416 0.0102276 0.9479062
1.556375 0.2488225 -0.0201512 0.6537621 0.0130700 0.3398954 0.0103665 0.9403153
1.660095 0.2811704 -0.0215431 0.6888931 0.0135362 0.3616518 0.0126310 0.9321294
1.763837 0.3138787 -0.0230674 0.7219400 0.0135662 0.3833494 0.0124670 0.9234196
1.867714 0.3490535 -0.0245187 0.7537773 0.0145418 0.4049453 0.0126658 0.9141375
1.971323 0.3854124 -0.0258996 0.7836926 0.0158510 0.4263079 0.0143509 0.9043254
2.178679 0.4616100 -0.0290643 0.8385186 0.0176731 0.4680247 0.0148348 0.8834141
2.386034 0.5463724 -0.0315143 0.8885999 0.0208837 0.5078981 0.0162874 0.8610100
2.593387 0.6365633 -0.0342078 0.9316282 0.0227213 0.5438077 0.0199559 0.8386648
2.800620 0.7284110 -0.0368114 0.9666268 0.0231214 0.5745878 0.0205589 0.8178579
3.008111 0.8250306 -0.0390101 0.9958799 0.0228269 0.6026378 0.0225388 0.7973698
3.215334 0.9281781 -0.0407139 1.0201993 0.0227091 0.6284656 0.0206854 0.7772306
3.422811 1.0324181 -0.0425490 1.0381614 0.0232983 0.6523902 0.0223721 0.7571946
3.630286 1.1425765 -0.0434563 1.0497711 0.0218812 0.6749550 0.0229447 0.7371774
3.941290 1.3155532 -0.0439557 1.0554035 0.0255120 0.7022257 0.0270616 0.7109824
4.148625 1.4335624 -0.0442741 1.0531434 0.0282896 0.7155047 0.0313389 0.6973310
4.355974 1.5543913 -0.0439286 1.0467674 0.0297023 0.7257556 0.0339311 0.6864732
4.563217 1.6773078 -0.0440621 1.0372437 0.0289508 0.7344574 0.0347467 0.6771461
4.666947 1.7394319 -0.0439853 1.0313003 0.0298715 0.7382250 0.0340011 0.6730345
4.874319 1.8665435 -0.0432976 1.0189756 0.0321403 0.7450963 0.0326214 0.6653829
4.977967 1.9324713 -0.0430905 1.0108130 0.0323058 0.7475834 0.0322712 0.6625963
5.081656 1.9995360 -0.0426670 1.0021207 0.0324699 0.7494609 0.0319477 0.6604797
5.185269 2.0672574 -0.0425508 0.9935212 0.0334353 0.7511895 0.0319031 0.6584669
5.288943 2.1365292 -0.0424459 0.9837089 0.0334735 0.7526315 0.0309628 0.6568612
5.392622 2.2068613 -0.0422629 0.9742460 0.0338472 0.7540709 0.0308579 0.6551941
5.496314 2.2776484 -0.0420733 0.9649243 0.0335265 0.7551072 0.0310974 0.6540046
5.600026 2.3505027 -0.0420771 0.9540911 0.0330302 0.7558543 0.0321280 0.6531165
5.807340 2.4997568 -0.0421990 0.9312932 0.0337785 0.7571462 0.0334888 0.6515114
6.014715 2.6520994 -0.0409744 0.9089878 0.0347471 0.7578126 0.0336752 0.6506756
6.221927 2.8101683 -0.0406332 0.8851631 0.0350497 0.7577373 0.0327690 0.6507932
6.429280 2.9721456 -0.0406033 0.8607712 0.0346605 0.7568711 0.0331221 0.6518034
6.636673 3.1395078 -0.0404102 0.8361623 0.0353774 0.7561831 0.0327657 0.6525809
6.844097 3.3109951 -0.0398910 0.8114452 0.0360916 0.7555986 0.0328589 0.6532139
7.051471 3.4858372 -0.0402356 0.7860930 0.0361113 0.7549855 0.0355412 0.6537812
7.258923 3.6643047 -0.0406305 0.7599378 0.0381531 0.7544804 0.0357191 0.6542384
7.466210 3.8436146 -0.0413507 0.7356725 0.0379578 0.7542207 0.0359882 0.6545343
7.673572 4.0284767 -0.0411613 0.7089772 0.0381976 0.7540208 0.0367181 0.6547102
7.881024 4.2157221 -0.0409290 0.6838303 0.0388543 0.7541937 0.0369032 0.6544619
8.088400 4.4056225 -0.0413974 0.6564369 0.0390172 0.7547054 0.0361142 0.6539061
8.295863 4.5986633 -0.0416892 0.6292086 0.0381815 0.7555560 0.0355516 0.6530033
8.503235 4.7958398 -0.0416437 0.6004238 0.0369266 0.7560489 0.0349682 0.6525365
8.710698 4.9954567 -0.0418032 0.5714936 0.0371780 0.7575718 0.0340151 0.6508040
8.918107 5.1998091 -0.0423246 0.5400705 0.0364393 0.7605667 0.0335887 0.6473657
9.021867 5.3006868 -0.0429808 0.5234852 0.0355869 0.7619933 0.0335131 0.6457373
9.125548 5.4029732 -0.0430476 0.5065479 0.0354066 0.7635916 0.0327632 0.6438951
9.229148 5.5053501 -0.0433973 0.4890466 0.0359278 0.7652008 0.0321918 0.6419818
9.332783 5.6075249 -0.0440125 0.4710732 0.0362846 0.7667649 0.0315055 0.6401268
9.436507 5.7105803 -0.0446588 0.4524031 0.0358422 0.7683610 0.0311540 0.6382524
9.540126 5.8145981 -0.0451663 0.4329944 0.0350278 0.7700713 0.0306841 0.6362561
9.643856 5.9184122 -0.0452582 0.4132419 0.0339982 0.7718730 0.0300175 0.6341571
9.747566 6.0224905 -0.0453362 0.3928604 0.0335698 0.7737390 0.0300785 0.6318990
9.851216 6.1271625 -0.0454729 0.3715639 0.0334583 0.7754909 0.0302710 0.6297445
9.954854 6.2317839 -0.0456722 0.3498702 0.0341470 0.7773417 0.0300650 0.6274312
10.058450 6.3364239 -0.0462123 0.3273330 0.0342210 0.7792294 0.0296723 0.6251000
10.162270 6.4406776 -0.0464872 0.3042068 0.0343329 0.7811531 0.0299268 0.6226760
10.265950 6.5470285 -0.0465051 0.2802320 0.0339580 0.7830220 0.0296698 0.6203572
10.473330 6.7577696 -0.0466687 0.2303200 0.0337486 0.7864236 0.0284991 0.6161061
10.577010 6.8648272 -0.0471078 0.2042551 0.0338619 0.7879212 0.0293306 0.6141444
10.680800 6.9713731 -0.0464528 0.1768646 0.0346146 0.7890978 0.0301850 0.6125482
10.784490 7.0770025 -0.0461310 0.1502523 0.0351141 0.7902369 0.0301850 0.6110495
10.888380 7.1829910 -0.0468323 0.1227274 0.0353381 0.7912068 0.0303171 0.6097737
10.992100 7.2902775 -0.0476277 0.0940113 0.0349349 0.7921895 0.0303391 0.6085185
11.096280 7.3977952 -0.0480934 0.0652266 0.0345234 0.7934545 0.0296987 0.6069236
11.199650 7.5051889 -0.0480757 0.0358877 0.0344259 0.7947034 0.0290481 0.6053245
11.303360 7.6116047 -0.0482087 0.0068493 0.0341075 0.7961050 0.0290672 0.6034970
11.407080 7.7186098 -0.0482123 -0.0225239 0.0342513 0.7975547 0.0290084 0.6015745
11.510570 7.8263197 -0.0483131 -0.0535498 0.0340671 0.7989354 0.0286552 0.5997671
11.614180 7.9337616 -0.0491527 -0.0848913 0.0337911 0.8003467 0.0286376 0.5978990
11.821430 8.1492558 -0.0501917 -0.1493597 0.0335868 0.8028480 0.0293210 0.5945143
11.925060 8.2582512 -0.0503892 -0.1820393 0.0340887 0.8041582 0.0294880 0.5927040
12.028650 8.3674622 -0.0505990 -0.2157240 0.0345185 0.8053027 0.0292056 0.5911372
12.132140 8.4758863 -0.0515854 -0.2492247 0.0347543 0.8065327 0.0287343 0.5894672
12.235950 8.5853186 -0.0513356 -0.2838898 0.0354306 0.8075832 0.0285247 0.5879969
12.339620 8.6949635 -0.0519854 -0.3192043 0.0353356 0.8085958 0.0282140 0.5866245
12.443230 8.8048363 -0.0521776 -0.3548317 0.0352830 0.8096968 0.0282511 0.5851053
12.546850 8.9140959 -0.0525985 -0.3908520 0.0350632 0.8109394 0.0281522 0.5833998
12.650590 9.0247288 -0.0525380 -0.4279966 0.0360806 0.8121064 0.0287166 0.5816845
12.754210 9.1347656 -0.0528248 -0.4653368 0.0365915 0.8130494 0.0295356 0.5802925
12.857820 9.2446270 -0.0533762 -0.5030231 0.0367507 0.8138363 0.0302127 0.5791433
12.961450 9.3539753 -0.0534319 -0.5412235 0.0364232 0.8146151 0.0303284 0.5780622
13.168790 9.5755768 -0.0537646 -0.6188326 0.0368472 0.8164492 0.0287660 0.5755219
13.376170 9.7970991 -0.0544566 -0.6984091 0.0366000 0.8184344 0.0268232 0.5728054
13.583380 10.0214128 -0.0559124 -0.7796545 0.0367641 0.8207193 0.0262308 0.5695439
13.790730 10.2457190 -0.0568980 -0.8638639 0.0357891 0.8229206 0.0266013 0.5664037
13.998450 10.4688091 -0.0577680 -0.9499588 0.0355601 0.8251587 0.0264704 0.5631590
14.205920 10.6905489 -0.0594927 -1.0371752 0.0353890 0.8272809 0.0256470 0.5600858
14.412870 10.9136734 -0.0602851 -1.1272402 0.0360416 0.8288305 0.0263317 0.5577164
14.620330 11.1382961 -0.0610259 -1.2189693 0.0368632 0.8303493 0.0274242 0.5553460
14.827390 11.3607349 -0.0618455 -1.3109474 0.0368375 0.8319077 0.0267550 0.5530432
15.034850 11.5835009 -0.0630254 -1.4031124 0.0374969 0.8337021 0.0256183 0.5503441
15.242180 11.8052750 -0.0646348 -1.4966345 0.0375184 0.8354211 0.0246837 0.5477725
15.449500 12.0270252 -0.0657391 -1.5930271 0.0379470 0.8368505 0.0262973 0.5454813
15.656680 12.2498055 -0.0682732 -1.6920280 0.0369348 0.8386993 0.0254738 0.5427434
15.864040 12.4715948 -0.0698714 -1.7908010 0.0357006 0.8408619 0.0251075 0.5394873
16.071400 12.6925755 -0.0710626 -1.8918619 0.0353022 0.8430161 0.0247822 0.5361562
16.278760 12.9135799 -0.0730486 -1.9935331 0.0345441 0.8454611 0.0244583 0.5323571
16.486210 13.1314306 -0.0748809 -2.0982723 0.0350813 0.8474916 0.0243851 0.5290866
16.693380 13.3494825 -0.0763195 -2.2025223 0.0348747 0.8497329 0.0238937 0.5255157
16.900690 13.5694857 -0.0802578 -2.3091087 0.0352292 0.8519864 0.0244620 0.5218043
17.107930 13.7883816 -0.0807647 -2.4221230 0.0377793 0.8538166 0.0247124 0.5186128
17.315330 14.0053196 -0.0825804 -2.5335541 0.0393217 0.8554474 0.0251419 0.5157824
17.522740 14.2233200 -0.0831591 -2.6476002 0.0414669 0.8570926 0.0250170 0.5128811
17.730020 14.4395199 -0.0851084 -2.7616615 0.0414615 0.8591058 0.0246044 0.5095222
17.937820 14.6570501 -0.0863618 -2.8796673 0.0418231 0.8611013 0.0240048 0.5061414
18.144610 14.8751869 -0.0891582 -2.9992142 0.0420618 0.8626313 0.0242273 0.5034990
18.351820 15.0970936 -0.0909486 -3.1240253 0.0430520 0.8638132 0.0255611 0.5013183
18.455670 15.2083931 -0.0915520 -3.1883163 0.0428793 0.8643593 0.0257856 0.5003795
18.559140 15.3195448 -0.0916747 -3.2529373 0.0422986 0.8649934 0.0258134 0.4993305
18.663050 15.4307117 -0.0914530 -3.3169727 0.0428120 0.8656611 0.0263334 0.4981010
18.766280 15.5415573 -0.0915496 -3.3813801 0.0427010 0.8662611 0.0264746 0.4970587
18.869920 15.6515055 -0.0919662 -3.4445724 0.0426269 0.8669079 0.0259200 0.4959655
18.973530 15.7623119 -0.0923004 -3.5075207 0.0430698 0.8676969 0.0245191 0.4946169
19.077140 15.8738480 -0.0935752 -3.5722809 0.0425241 0.8686854 0.0243129 0.4929365
19.180870 15.9879513 -0.0943750 -3.6402607 0.0412096 0.8700801 0.0242875 0.4905839
19.284530 16.0995445 -0.0946782 -3.7058754 0.0394677 0.8715574 0.0243426 0.4880958
19.388220 16.2120895 -0.0947863 -3.7749081 0.0388687 0.8728486 0.0244470 0.4858260
19.491840 16.3247795 -0.0946528 -3.8442688 0.0385884 0.8741541 0.0244536 0.4834952
19.595460 16.4369259 -0.0943857 -3.9144421 0.0398015 0.8752127 0.0249244 0.4814533
19.699070 16.5485916 -0.0946215 -3.9854298 0.0400538 0.8762805 0.0250503 0.4794795
19.802840 16.6603451 -0.0950840 -4.0561657 0.0400459 0.8773933 0.0255376 0.4774151
19.906420 16.7729931 -0.0950589 -4.1291866 0.0395541 0.8785435 0.0263114 0.4752941
20.010030 16.8844452 -0.0952797 -4.2018661 0.0384539 0.8797023 0.0265107 0.4732255
20.113650 16.9957447 -0.0950632 -4.2754536 0.0379924 0.8807822 0.0262562 0.4712641
20.217270 17.1068859 -0.0956495 -4.3494473 0.0378837 0.8819453 0.0267309 0.4690661
20.320880 17.2187729 -0.0955196 -4.4243259 0.0381513 0.8831580 0.0273202 0.4667227
20.424500 17.3301716 -0.0950865 -4.5006828 0.0380718 0.8842020 0.0279168 0.4647128
20.528120 17.4430161 -0.0943578 -4.5769367 0.0372331 0.8853074 0.0276441 0.4626882
20.631730 17.5571671 -0.0940368 -4.6564770 0.0372180 0.8861101 0.0283559 0.4611070
20.735350 17.6708794 -0.0934829 -4.7361927 0.0367529 0.8868432 0.0289946 0.4596931
20.838960 17.7869492 -0.0923964 -4.8180809 0.0361155 0.8876337 0.0281207 0.4582700
20.942580 17.9038067 -0.0916818 -4.9006977 0.0347071 0.8885091 0.0267639 0.4567611
21.046320 18.0191460 -0.0909262 -4.9833298 0.0337967 0.8892376 0.0255838 0.4554777
21.149940 18.1342182 -0.0904596 -5.0667667 0.0327523 0.8899029 0.0262307 0.4542157
21.253550 18.2471695 -0.0890463 -5.1490726 0.0330568 0.8906507 0.0271523 0.4526712
21.357170 18.3575497 -0.0878468 -5.2290020 0.0329857 0.8914552 0.0267351 0.4511150
21.460820 18.4662285 -0.0866234 -5.3089867 0.0325087 0.8922826 0.0265123 0.4495242
21.564620 18.5766087 -0.0856462 -5.3897305 0.0309273 0.8931608 0.0276651 0.4478192
21.668140 18.6860294 -0.0844194 -5.4710464 0.0295595 0.8939992 0.0280259 0.4462132
21.771790 18.7959824 -0.0827341 -5.5527611 0.0291291 0.8949295 0.0280918 0.4443688
21.875360 18.9041138 -0.0807050 -5.6339931 0.0295971 0.8957302 0.0280134 0.4427264
21.979040 19.0131531 -0.0790440 -5.7169838 0.0293974 0.8964445 0.0284388 0.4412645
22.082650 19.1208935 -0.0770130 -5.7993965 0.0289002 0.8972382 0.0286212 0.4396695
22.186210 19.2273941 -0.0748739 -5.8812103 0.0274315 0.8981152 0.0276953 0.4380292
22.290250 19.3336830 -0.0730480 -5.9633160 0.0236353 0.8990721 0.0239736 0.4365044
22.393570 19.4396400 -0.0723127 -6.0439091 0.0222986 0.9002820 0.0182303 0.4343533
22.497250 19.5436897 -0.0726261 -6.1251469 0.0276466 0.9010601 0.0179736 0.4324388
22.600850 19.6475525 -0.0728234 -6.2086964 0.0300849 0.9012232 0.0215203 0.4317738
22.704440 19.7521515 -0.0719662 -6.2910671 0.0269703 0.9017922 0.0260310 0.4305412
22.808100 19.8577499 -0.0689253 -6.3752193 0.0224467 0.9025914 0.0287683 0.4289490
22.911770 19.9605579 -0.0662411 -6.4582539 0.0191526 0.9034817 0.0293522 0.4271914
23.015390 20.0625572 -0.0629491 -6.5402699 0.0184107 0.9043190 0.0290819 0.4254672
23.119010 20.1646976 -0.0598956 -6.6232071 0.0212831 0.9051007 0.0293847 0.4236464
23.222650 20.2663670 -0.0571143 -6.7086506 0.0244600 0.9057302 0.0284211 0.4221928
23.326370 20.3668861 -0.0546027 -6.7932320 0.0254089 0.9065189 0.0273874 0.4205089
23.533710 20.5696621 -0.0488766 -6.9657555 0.0254308 0.9081727 0.0279722 0.4168850
23.637320 20.6681557 -0.0458192 -7.0519161 0.0254663 0.9088405 0.0287244 0.4153737
23.844680 20.8599319 -0.0396969 -7.2139015 0.0238676 0.9098628 0.0276209 0.4133003
24.052120 20.8898067 -0.0367192 -7.2291260 0.0230158 0.9126341 0.0273910 0.4072089
24.259390 20.9228821 -0.0332882 -7.2416630 0.0229718 0.9159709 0.0299774 0.3994634
24.363000 20.9363518 -0.0329280 -7.2483730 0.0220302 0.9174861 0.0293812 0.3960691
24.570240 20.9616547 -0.0310671 -7.2570210 0.0190194 0.9210672 0.0249145 0.3881400
24.777590 20.9870567 -0.0285069 -7.2638950 0.0167885 0.9247156 0.0227455 0.3796075
24.984880 21.0158672 -0.0256497 -7.2733936 0.0152032 0.9285252 0.0195265 0.3704436
25.191950 21.0403671 -0.0232553 -7.2814426 0.0163477 0.9313876 0.0214753 0.3630271
25.399160 21.0627937 -0.0284360 -7.2942848 0.0176799 0.9325322 0.0311643 0.3593048
25.606390 21.0778713 -0.0303712 -7.3063450 0.0125208 0.9329458 0.0267266 0.3588050
25.813620 21.0894642 -0.0289963 -7.3149014 0.0113396 0.9327378 0.0238890 0.3595846
26.020850 21.0982323 -0.0283436 -7.3166161 0.0123690 0.9327696 0.0245881 0.3594209
26.228100 21.1061325 -0.0284230 -7.3217335 0.0088515 0.9325362 0.0218346 0.3603072
26.435440 21.1120567 -0.0282363 -7.3284740 0.0012646 0.9323315 0.0187034 0.3611186
26.746310 21.1191921 -0.0282652 -7.3359261 0.0003592 0.9316388 0.0203517 0.3628150
26.953530 21.1246300 -0.0280758 -7.3409748 -0.0007876 0.9313062 0.0198230 0.3636966
27.160890 21.1302071 -0.0280554 -7.3459320 -0.0005783 0.9311306 0.0183255 0.3642246
27.368230 21.1355648 -0.0280357 -7.3506432 0.0008399 0.9307927 0.0203711 0.3649786
27.575480 21.1409187 -0.0280414 -7.3551655 0.0006407 0.9305217 0.0206307 0.3656547
27.782840 21.1451607 -0.0279948 -7.3593502 -0.0003985 0.9302886 0.0216006 0.3661920
27.990170 21.1497631 -0.0280623 -7.3627129 0.0000385 0.9303463 0.0203522 0.3661170
28.197410 21.1544495 -0.0279363 -7.3663921 -0.0012252 0.9303755 0.0207807 0.3660164
28.404640 21.1580391 -0.0278044 -7.3715611 -0.0017461 0.9301013 0.0209686 0.3667001
28.611870 21.1609688 -0.0277411 -7.3743877 -0.0015470 0.9301947 0.0207783 0.3664748
28.819230 21.1643372 -0.0275049 -7.3786373 -0.0024516 0.9301894 0.0218854 0.3664187
29.026460 21.1675053 -0.0274256 -7.3814335 -0.0030376 0.9305062 0.0215310 0.3656302
29.233840 21.1707497 -0.0273203 -7.3853760 -0.0023808 0.9303538 0.0215866 0.3660194
29.441040 21.1739140 -0.0271685 -7.3891659 -0.0021785 0.9301753 0.0214601 0.3664815
29.648260 21.1772156 -0.0270229 -7.3928356 -0.0027311 0.9301301 0.0212920 0.3666022
29.855620 21.1804295 -0.0269054 -7.3963509 -0.0032858 0.9299996 0.0225224 0.3668550
30.062730 21.1836281 -0.0266949 -7.3999424 -0.0023430 0.9299433 0.0221135 0.3670298
30.269960 21.1868267 -0.0265185 -7.4035912 -0.0025579 0.9298171 0.0227259 0.3673107
30.477220 21.1900082 -0.0263368 -7.4072704 -0.0028100 0.9298729 0.0222777 0.3671951
30.684470 21.1931114 -0.0260907 -7.4111366 -0.0037951 0.9297136 0.0232871 0.3675268
30.891780 21.1962681 -0.0259591 -7.4145756 -0.0039698 0.9299612 0.0226946 0.3669350
31.202760 21.2009563 -0.0257438 -7.4203110 -0.0033320 0.9298504 0.0224941 0.3672346
31.513850 21.2054691 -0.0254447 -7.4257450 -0.0026484 0.9298203 0.0232556 0.3672687
31.824820 21.2097454 -0.0253477 -7.4312763 -0.0022294 0.9296295 0.0243842 0.3676812
32.135930 21.2146721 -0.0251538 -7.4367924 -0.0022986 0.9293863 0.0249141 0.3682596
32.447030 21.2196236 -0.0248835 -7.4422398 -0.0039127 0.9291661 0.0256785 0.3687487
32.758130 21.2239952 -0.0245362 -7.4476509 -0.0021191 0.9285464 0.0251110 0.3703602
33.070500 21.2286682 -0.0242354 -7.4528408 -0.0019067 0.9281644 0.0256350 0.3712816
33.380050 21.2331944 -0.0239791 -7.4580116 -0.0026200 0.9276620 0.0253835 0.3725481
33.691220 21.2377567 -0.0237496 -7.4632549 -0.0036627 0.9272657 0.0250794 0.3735451
34.002380 21.2423382 -0.0233688 -7.4681988 -0.0035289 0.9275105 0.0251876 0.3729308
34.313530 21.2467556 -0.0232365 -7.4722538 -0.0036313 0.9280984 0.0240445 0.3715401
34.624450 21.2509747 -0.0229499 -7.4745884 -0.0041623 0.9292071 0.0231040 0.3688129
34.935420 21.2552681 -0.0228059 -7.4804420 -0.0031401 0.9285882 0.0247343 0.3702735
35.246520 21.2594814 -0.0225750 -7.4852371 -0.0032808 0.9283698 0.0248169 0.3708137
35.557430 21.2632351 -0.0223430 -7.4880466 -0.0040382 0.9289010 0.0237676 0.3695427
35.868330 21.2670002 -0.0221396 -7.4906483 -0.0043283 0.9293478 0.0244117 0.3683723
36.179530 21.2706795 -0.0220300 -7.4921474 -0.0036805 0.9302170 0.0233397 0.3662485
36.490550 21.2745037 -0.0219262 -7.4961300 -0.0039565 0.9298742 0.0247500 0.3670228
36.801500 21.2782898 -0.0217760 -7.4994221 -0.0038706 0.9300849 0.0241741 0.3665279
37.112590 21.2808743 -0.0216401 -7.5024223 -0.0038649 0.9296851 0.0238991 0.3675589
37.423720 21.2824783 -0.0216593 -7.5052280 -0.0049839 0.9292845 0.0236873 0.3685707
37.734660 21.2855549 -0.0214708 -7.5083847 -0.0046425 0.9296299 0.0242040 0.3676696
38.045630 21.2886639 -0.0212665 -7.5115070 -0.0049397 0.9299092 0.0238856 0.3669796
38.460100 21.2920074 -0.0210950 -7.5153713 -0.0032305 0.9295785 0.0243028 0.3678080
38.874760 21.2955933 -0.0209129 -7.5192261 -0.0035640 0.9293106 0.0230587 0.3685615
39.289260 21.2988491 -0.0207254 -7.5230885 -0.0030995 0.9285716 0.0252482 0.3702807
39.703850 21.3021545 -0.0204841 -7.5267315 -0.0021618 0.9279341 0.0235974 0.3719904
40.118690 21.3051224 -0.0202282 -7.5303726 -0.0029309 0.9269867 0.0227083 0.3743947
40.533280 21.3085289 -0.0200980 -7.5339298 -0.0015392 0.9264623 0.0220673 0.3757370
40.947990 21.3118973 -0.0199137 -7.5373898 -0.0036518 0.9266281 0.0211077 0.3753686
41.362570 21.3149700 -0.0197147 -7.5408192 -0.0008927 0.9259562 0.0232524 0.3769132
41.777290 21.3174610 -0.0196123 -7.5437469 0.0007901 0.9250112 0.0223882 0.3792788
42.192000 21.3190842 -0.0195138 -7.5448151 -0.0010633 0.9244540 0.0216247 0.3806784
42.606580 21.3212242 -0.0194351 -7.5472927 -0.0007297 0.9236551 0.0212383 0.3826352
43.021170 21.3230801 -0.0193480 -7.5488186 -0.0033995 0.9238805 0.0199663 0.3821450
43.435640 21.3249111 -0.0193594 -7.5493851 -0.0017177 0.9248517 0.0212644 0.3797293
43.850090 21.3270607 -0.0192896 -7.5507622 -0.0019961 0.9253895 0.0190559 0.3785331
44.264680 21.3290348 -0.0192652 -7.5520973 -0.0022230 0.9251439 0.0190997 0.3791294
44.679140 21.3312263 -0.0192002 -7.5533600 -0.0010571 0.9245570 0.0203571 0.3804980
45.093740 21.3333607 -0.0191645 -7.5550194 -0.0017810 0.9235852 0.0215209 0.3827848
45.612070 21.3361530 -0.0192525 -7.5553455 -0.0018062 0.9240074 0.0219518 0.3817397
46.026650 21.3385658 -0.0193055 -7.5551643 -0.0042886 0.9254450 0.0214376 0.3782508
46.441130 21.3408852 -0.0192981 -7.5566883 -0.0042284 0.9253005 0.0211441 0.3786214
46.855700 21.3433571 -0.0193157 -7.5580139 -0.0041399 0.9255700 0.0246738 0.3777488
47.270160 21.3458195 -0.0192974 -7.5595570 -0.0020829 0.9249654 0.0252580 0.3792054
47.684770 21.3482475 -0.0193348 -7.5605583 -0.0018768 0.9242904 0.0278721 0.3806663
48.099490 21.3508873 -0.0193955 -7.5608654 -0.0027913 0.9243315 0.0277240 0.3805716
48.514170 21.3534985 -0.0194613 -7.5609531 -0.0022711 0.9244202 0.0291767 0.3802510
48.928780 21.3561916 -0.0194887 -7.5629597 -0.0030645 0.9240126 0.0293433 0.3812221
49.343220 21.3591347 -0.0194733 -7.5637035 -0.0015732 0.9246072 0.0293766 0.3797843
49.861160 21.3626137 -0.0194427 -7.5649014 -0.0035825 0.9254171 0.0267869 0.3779851
50.483000 21.3668690 -0.0196128 -7.5653725 -0.0037948 0.9263334 0.0328097 0.3752541
51.001310 21.3704643 -0.0196124 -7.5669556 -0.0025158 0.9261011 0.0331806 0.3758051
51.519760 21.3741493 -0.0194401 -7.5685749 -0.0026128 0.9258670 0.0345371 0.3762589
51.934500 21.3772640 -0.0196502 -7.5697460 -0.0036495 0.9261476 0.0375966 0.3752652
52.452950 21.3813210 -0.0197165 -7.5709438 -0.0037354 0.9273793 0.0368114 0.3722883
52.971270 21.3855515 -0.0197817 -7.5716667 0.0007300 0.9284976 0.0390919 0.3692743
53.385840 21.3889122 -0.0198374 -7.5729218 0.0005696 0.9288481 0.0391091 0.3683904
53.800320 21.3925915 -0.0203305 -7.5736904 -0.0001352 0.9295713 0.0433149 0.3660888
54.215030 21.3963261 -0.0200057 -7.5742397 0.0009300 0.9306138 0.0414216 0.3636501
54.525980 21.3998528 -0.0201489 -7.5741177 0.0036840 0.9321834 0.0429715 0.3594078
54.940700 21.4033127 -0.0201696 -7.5762634 0.0032713 0.9320142 0.0436243 0.3597717
55.355300 21.4073849 -0.0201789 -7.5784035 0.0001080 0.9322384 0.0412091 0.3594904
55.666250 21.4102688 -0.0202359 -7.5797653 0.0014448 0.9318852 0.0445700 0.3600020
55.977290 21.4131336 -0.0201577 -7.5825310 0.0031519 0.9311755 0.0432115 0.3619876
56.288130 21.4158840 -0.0201869 -7.5841484 0.0012716 0.9305527 0.0482407 0.3629641
56.702420 21.4202938 -0.0201783 -7.5867519 -0.0027906 0.9309265 0.0463976 0.3622366
57.013380 21.4236565 -0.0202569 -7.5882378 0.0001605 0.9314500 0.0482480 0.3606564
57.324230 21.4273319 -0.0203161 -7.5894279 -0.0000303 0.9322087 0.0509655 0.3583148
57.634950 21.4312115 -0.0203608 -7.5908756 0.0043595 0.9326150 0.0505325 0.3572907
57.945800 21.4352016 -0.0204118 -7.5920658 0.0027526 0.9331471 0.0539602 0.3554114
58.153180 21.4377956 -0.0204825 -7.5928211 0.0002989 0.9332922 0.0580408 0.3543966
58.360400 21.4404697 -0.0205462 -7.5934925 0.0012812 0.9336804 0.0570487 0.3535317
58.567620 21.4436932 -0.0205882 -7.5941944 -0.0016812 0.9344834 0.0588401 0.3511065
58.774970 21.4469395 -0.0206656 -7.5955372 -0.0029674 0.9349878 0.0616499 0.3492683
58.982460 21.4496288 -0.0206203 -7.5971718 -0.0044779 0.9347126 0.0633906 0.3496769
59.189810 21.4525337 -0.0205476 -7.5987701 -0.0044316 0.9347166 0.0638168 0.3495892
59.397170 21.4556522 -0.0207317 -7.6001129 -0.0074552 0.9347050 0.0672614 0.3489227
59.604650 21.4593143 -0.0205824 -7.6016102 -0.0048174 0.9354115 0.0671423 0.3470940
59.812000 21.4631081 -0.0204439 -7.6029854 -0.0024127 0.9361978 0.0678127 0.3448614
60.019480 21.4670715 -0.0203564 -7.6043396 0.0015726 0.9370291 0.0694448 0.3422739
60.226840 21.4713593 -0.0202937 -7.6056633 0.0049542 0.9381009 0.0712293 0.3389226
60.434070 21.4756393 -0.0202711 -7.6069870 0.0075626 0.9392456 0.0729750 0.3353135
60.641430 21.4799423 -0.0203276 -7.6082115 0.0113090 0.9403864 0.0752571 0.3314843
60.848780 21.4837379 -0.0195882 -7.6131802 0.0119128 0.9402851 0.0750518 0.3317969
61.056140 21.4876213 -0.0188079 -7.6181068 0.0123466 0.9402643 0.0755261 0.3317327
61.263370 21.4915524 -0.0180120 -7.6230450 0.0131359 0.9403099 0.0745925 0.3317842
61.470630 21.4956436 -0.0172095 -7.6281796 0.0126727 0.9401896 0.0755816 0.3319192
61.574220 21.4976883 -0.0168176 -7.6307354 0.0135835 0.9402133 0.0748516 0.3319816
61.784120 21.5017529 -0.0159783 -7.6359215 0.0146360 0.9399022 0.0739690 0.3330137
61.988910 21.5058975 -0.0151579 -7.6410694 0.0140231 0.9395422 0.0765475 0.3334733
62.092420 21.5079823 -0.0147521 -7.6436157 0.0134388 0.9394298 0.0772481 0.3336523
62.300010 21.5120888 -0.0139410 -7.6485901 0.0131036 0.9393487 0.0760418 0.3341707
62.403410 21.5141296 -0.0135629 -7.6510963 0.0127777 0.9392887 0.0756150 0.3344485
62.507020 21.5161934 -0.0131588 -7.6535892 0.0131855 0.9391846 0.0757713 0.3346895
62.611050 21.5182781 -0.0127592 -7.6560936 0.0131549 0.9390318 0.0753912 0.3352052
62.817730 21.5223751 -0.0119820 -7.6610317 0.0141946 0.9387899 0.0743355 0.3360748
63.024960 21.5265179 -0.0112221 -7.6659737 0.0139587 0.9384898 0.0748040 0.3368180
63.232210 21.5306892 -0.0104551 -7.6709671 0.0145100 0.9381293 0.0755323 0.3376356
63.439300 21.5348740 -0.0096793 -7.6759186 0.0140277 0.9377888 0.0757553 0.3385508
63.646520 21.5389709 -0.0089202 -7.6808052 0.0149940 0.9373013 0.0757145 0.3398659
63.853630 21.5431690 -0.0081499 -7.6857510 0.0156890 0.9367731 0.0742578 0.3416076
64.060730 21.5474205 -0.0073893 -7.6907043 0.0165012 0.9362752 0.0731375 0.3431723
64.267970 21.5517273 -0.0066421 -7.6956806 0.0155016 0.9358081 0.0737281 0.3443646
64.475200 21.5560360 -0.0058808 -7.7006397 0.0151441 0.9357483 0.0718623 0.3449370
64.682580 21.5603180 -0.0051427 -7.7056465 0.0161657 0.9355279 0.0708985 0.3456872
64.889620 21.5646362 -0.0044293 -7.7106647 0.0165068 0.9351976 0.0714188 0.3464569
65.096770 21.5689812 -0.0036798 -7.7156849 0.0160163 0.9348806 0.0720427 0.3472055
65.304130 21.5732250 -0.0029502 -7.7204609 0.0152490 0.9345434 0.0729429 0.3479591
65.511370 21.5776787 -0.0021956 -7.7254467 0.0158795 0.9342559 0.0738813 0.3485043
65.719300 21.5820007 -0.0013971 -7.7303867 0.0168340 0.9342654 0.0692575 0.3493828
65.926080 21.5864868 -0.0007029 -7.7354355 0.0188949 0.9342092 0.0661014 0.3500381
66.133430 21.5907459 -0.0000794 -7.7401714 0.0181305 0.9338068 0.0678220 0.3508225
66.340900 21.5951328 0.0005927 -7.7452660 0.0170742 0.9334270 0.0698018 0.3514971
66.548250 21.5995598 0.0013049 -7.7501335 0.0172230 0.9332047 0.0703441 0.3519718
66.755490 21.6039391 0.0019851 -7.7550507 0.0176974 0.9330395 0.0694769 0.3525580
66.962720 21.6083755 0.0026789 -7.7600269 0.0185383 0.9328870 0.0683668 0.3531348
67.169960 21.6128349 0.0033686 -7.7649803 0.0182628 0.9326077 0.0690845 0.3537466
67.377190 21.6172810 0.0040274 -7.7699127 0.0185485 0.9323484 0.0692040 0.3543916
67.584290 21.6217976 0.0047262 -7.7749119 0.0191481 0.9322652 0.0679988 0.3548115
67.791520 21.6262646 0.0053935 -7.7799225 0.0198561 0.9320621 0.0671560 0.3554658
67.998740 21.6306572 0.0060353 -7.7847176 0.0191270 0.9318126 0.0679836 0.3560022
68.205860 21.6350765 0.0066948 -7.7895718 0.0202715 0.9315840 0.0677522 0.3565810
68.412960 21.6394901 0.0073528 -7.7944031 0.0196673 0.9313617 0.0673218 0.3572765
68.620200 21.6439533 0.0080073 -7.7992706 0.0198283 0.9313272 0.0648954 0.3578060
68.827300 21.6483994 0.0086348 -7.8041668 0.0199363 0.9311320 0.0646883 0.3583453
69.034420 21.6529121 0.0092764 -7.8091030 0.0202164 0.9308392 0.0659573 0.3588582
69.241640 21.6573601 0.0098999 -7.8139820 0.0203042 0.9307374 0.0645932 0.3593651
69.448870 21.6617851 0.0104940 -7.8188934 0.0208772 0.9305959 0.0635402 0.3598864
69.656100 21.6664333 0.0111210 -7.8238525 0.0209736 0.9303949 0.0640044 0.3603177
69.863330 21.6708412 0.0117149 -7.8286057 0.0208326 0.9301346 0.0642270 0.3609579
70.070460 21.6752663 0.0123073 -7.8333778 0.0206729 0.9299888 0.0636328 0.3614476
70.381410 21.6818619 0.0131599 -7.8405457 0.0205576 0.9296874 0.0633532 0.3622775
70.692380 21.6880341 0.0139934 -7.8470402 0.0217143 0.9294289 0.0619017 0.3631234
71.003350 21.6941357 0.0147358 -7.8535824 0.0222486 0.9290601 0.0598208 0.3643814
71.314340 21.7001610 0.0154557 -7.8600140 0.0211107 0.9286520 0.0598194 0.3654880
71.625410 21.7058544 0.0161499 -7.8659496 0.0210851 0.9282575 0.0601583 0.3664350
71.936530 21.7132587 0.0172113 -7.8740578 0.0224586 0.9276528 0.0599882 0.3679093
72.247600 21.7197742 0.0179973 -7.8809814 0.0234944 0.9271744 0.0583805 0.3693066
72.558610 21.7263145 0.0187273 -7.8877964 0.0239457 0.9267684 0.0576678 0.3704070
72.869690 21.7328033 0.0194583 -7.8945656 0.0236076 0.9264486 0.0563101 0.3714361
73.180810 21.7392654 0.0201660 -7.9013386 0.0241500 0.9261443 0.0555053 0.3722803
73.491740 21.7458401 0.0208457 -7.9081821 0.0236190 0.9257755 0.0555202 0.3732284
73.802720 21.7525311 0.0215516 -7.9150753 0.0233110 0.9252964 0.0552768 0.3744698
74.113680 21.7592602 0.0222925 -7.9220524 0.0229658 0.9249269 0.0559583 0.3753017
74.424700 21.7653656 0.0228872 -7.9287891 0.0233092 0.9243238 0.0564646 0.3766882
74.735780 21.7693481 0.0236040 -7.9338226 0.0232287 0.9235539 0.0556555 0.3786966
75.046740 21.7749538 0.0243049 -7.9400330 0.0231023 0.9230008 0.0557005 0.3800437
75.357700 21.7821770 0.0250759 -7.9472256 0.0226636 0.9231708 0.0566432 0.3795177
75.668790 21.7891293 0.0258652 -7.9542904 0.0222550 0.9231116 0.0564411 0.3797158
75.979760 21.7959499 0.0266775 -7.9612579 0.0227000 0.9229110 0.0566246 0.3801495
76.290480 21.8027458 0.0274875 -7.9682636 0.0231516 0.9225146 0.0570428 0.3810208
76.601210 21.8092632 0.0283059 -7.9750881 0.0243024 0.9220322 0.0569026 0.3821363
76.911950 21.8125076 0.0292463 -7.9806881 0.0237888 0.9209284 0.0573463 0.3847550
77.222770 21.8188152 0.0299865 -7.9872494 0.0235843 0.9204379 0.0579048 0.3858562
77.533630 21.8254795 0.0307794 -7.9940434 0.0247427 0.9200904 0.0558540 0.3869130
77.844470 21.8317833 0.0316190 -8.0009174 0.0230734 0.9193523 0.0587558 0.3883385
78.155450 21.8365059 0.0324874 -8.0069084 0.0245310 0.9186191 0.0568295 0.3902660
78.466420 21.8413982 0.0336920 -8.0143127 0.0233184 0.9176406 0.0573092 0.3925653
78.881010 21.8484154 0.0348494 -8.0228100 0.0224757 0.9177369 0.0575942 0.3923476
79.295580 21.8583298 0.0350994 -8.0292854 0.0217354 0.9189901 0.0579044 0.3893993
79.606430 21.8656101 0.0354301 -8.0347710 0.0222386 0.9197600 0.0578366 0.3875588
79.917400 21.8702583 0.0365654 -8.0415630 0.0222050 0.9199702 0.0579586 0.3870436
80.331990 21.8772259 0.0374948 -8.0501194 0.0202491 0.9214599 0.0589968 0.3834334
80.746700 21.8859730 0.0380802 -8.0574036 0.0184962 0.9241168 0.0584590 0.3771585
81.057690 21.8906155 0.0391263 -8.0643692 0.0187675 0.9249302 0.0601125 0.3748848
81.368770 21.8964424 0.0397155 -8.0699100 0.0183880 0.9262099 0.0600893 0.3717342
81.783110 21.9034348 0.0408036 -8.0783329 0.0206152 0.9266726 0.0604017 0.3704113
82.197580 21.9107265 0.0414277 -8.0859261 0.0203748 0.9272618 0.0588090 0.3692044
82.508540 21.9168396 0.0421592 -8.0910187 0.0206006 0.9277274 0.0590046 0.3679890
82.819520 21.9228878 0.0428252 -8.0958710 0.0200338 0.9277169 0.0590710 0.3680363
83.130480 21.9264240 0.0435598 -8.1036510 0.0196379 0.9253041 0.0636349 0.3733327
83.545230 21.9338570 0.0444660 -8.1111164 0.0233422 0.9237942 0.0577964 0.3777819
83.960030 21.9410095 0.0453384 -8.1181374 0.0220440 0.9212607 0.0625166 0.3832551
84.271000 21.9466171 0.0460029 -8.1235142 0.0234270 0.9201695 0.0631834 0.3856776
84.685720 21.9536190 0.0469401 -8.1310368 0.0200600 0.9194582 0.0612809 0.3878645
84.996840 21.9591904 0.0475352 -8.1358471 0.0195693 0.9194987 0.0618940 0.3876963
85.307680 21.9652214 0.0481820 -8.1403885 0.0200029 0.9199157 0.0610683 0.3868147
85.723090 21.9717560 0.0489850 -8.1482143 0.0205449 0.9187889 0.0632676 0.3891042
86.137390 21.9785824 0.0499299 -8.1554718 0.0204064 0.9176296 0.0644828 0.3916396
86.551860 21.9856586 0.0507512 -8.1622581 0.0216031 0.9162253 0.0637736 0.3949651
86.863010 21.9909630 0.0513999 -8.1671257 0.0189789 0.9152178 0.0653213 0.3971766
87.174110 21.9963150 0.0521328 -8.1721153 0.0188189 0.9143328 0.0645503 0.3993428
87.485350 22.0015888 0.0528023 -8.1768990 0.0201428 0.9137654 0.0645486 0.4005753
87.796300 22.0067406 0.0534153 -8.1816654 0.0232020 0.9133848 0.0669814 0.4008783
88.107400 22.0118656 0.0540345 -8.1863213 0.0217971 0.9136474 0.0670243 0.4003513
88.418530 22.0169830 0.0546408 -8.1909752 0.0194515 0.9141304 0.0656014 0.3996044
88.729780 22.0219269 0.0552282 -8.1955223 0.0173586 0.9145135 0.0666514 0.3986493
89.040970 22.0269833 0.0558670 -8.2001209 0.0171883 0.9152483 0.0683364 0.3966805
89.351910 22.0316792 0.0564833 -8.2045269 0.0212981 0.9155844 0.0715446 0.3951367
89.662760 22.0362015 0.0570998 -8.2088737 0.0258372 0.9161007 0.0730245 0.3933947
89.973980 22.0408745 0.0577531 -8.2133007 0.0297113 0.9169625 0.0739613 0.3909306
90.285080 22.0452423 0.0583479 -8.2175064 0.0336170 0.9180713 0.0763233 0.3875433
90.596170 22.0494843 0.0589271 -8.2216110 0.0356932 0.9201314 0.0774116 0.3822194
90.907270 22.0535297 0.0595002 -8.2256317 0.0362224 0.9240335 0.0789720 0.3723083
91.218370 22.0573502 0.0600510 -8.2296696 0.0340683 0.9305242 0.0777374 0.3562599
91.529590 22.0607891 0.0606084 -8.2336807 0.0357421 0.9384809 0.0793182 0.3341926
91.840690 22.0640297 0.0611825 -8.2377758 0.0365976 0.9469647 0.0813904 0.3086975
92.151900 22.0669231 0.0617832 -8.2419567 0.0370606 0.9558034 0.0824764 0.2797571
92.463120 22.0695801 0.0624424 -8.2463284 0.0356467 0.9646827 0.0841334 0.2470591
92.774250 22.0717697 0.0630317 -8.2507668 0.0332111 0.9731787 0.0843451 0.2114385
93.085450 22.0737381 0.0637594 -8.2553120 0.0310821 0.9804624 0.0886369 0.1728318
93.292930 22.0748634 0.0642836 -8.2585773 0.0309963 0.9848896 0.0870769 0.1464560
93.500280 22.0757732 0.0647752 -8.2617779 0.0295213 0.9885281 0.0866400 0.1201423
93.811380 22.0768356 0.0655693 -8.2668095 0.0276719 0.9926724 0.0878035 0.0782702
94.018900 22.0773239 0.0661054 -8.2702055 0.0266541 0.9946495 0.0867294 0.0493955
94.329830 22.0776329 0.0668992 -8.2752924 0.0241588 0.9957709 0.0883861 0.0066867
94.537200 22.0776157 0.0674600 -8.2787704 -0.0216984 -0.9956822 -0.0876077 0.0217037
94.848290 22.0772285 0.0682839 -8.2839499 -0.0194339 -0.9939404 -0.0880087 0.0629242
95.055660 22.0767021 0.0688717 -8.2873936 -0.0185499 -0.9918688 -0.0880662 0.0899813
95.263120 22.0760040 0.0694185 -8.2907600 -0.0172500 -0.9891527 -0.0870572 0.1170493
95.470470 22.0751171 0.0699852 -8.2941246 -0.0162388 -0.9858465 -0.0862030 0.1428711
95.677830 22.0739956 0.0705629 -8.2975531 -0.0151889 -0.9819033 -0.0864139 0.1678327
95.885200 22.0727272 0.0711481 -8.3009415 -0.0137132 -0.9773541 -0.0855644 0.1930536
96.092540 22.0712757 0.0717120 -8.3042088 -0.0115711 -0.9722470 -0.0824042 0.2186583
96.299770 22.0696125 0.0722708 -8.3074760 -0.0090204 -0.9661415 -0.0813875 0.2446738
96.610910 22.0667877 0.0730870 -8.3122606 -0.0068182 -0.9549943 -0.0825063 0.2848371
96.818220 22.0646458 0.0736331 -8.3153582 -0.0048224 -0.9467962 -0.0803591 0.3116025
97.025580 22.0622616 0.0741918 -8.3184299 -0.0036649 -0.9376529 -0.0798715 0.3382518
97.233060 22.0597382 0.0747124 -8.3212929 -0.0016283 -0.9275554 -0.0791125 0.3652117
97.336810 22.0584106 0.0749730 -8.3226852 -0.0006199 -0.9221213 -0.0781970 0.3789158
97.440420 22.0570469 0.0752195 -8.3240337 0.0007705 -0.9163650 -0.0780720 0.3926569
97.544160 22.0556221 0.0754869 -8.3253555 0.0017353 -0.9104422 -0.0773266 0.4063404
97.751640 22.0526733 0.0759552 -8.3278465 0.0031890 -0.8978864 -0.0763284 0.4335481
98.062740 22.0478668 0.0766443 -8.3313217 0.0056046 -0.8777068 -0.0748935 0.4732762
98.166520 22.0461998 0.0768588 -8.3323936 0.0067863 -0.8706098 -0.0743169 0.4862813
98.373830 22.0427666 0.0772789 -8.3343792 0.0084856 -0.8557541 -0.0726338 0.5121886
98.581060 22.0392647 0.0776708 -8.3361435 0.0101270 -0.8399048 -0.0718660 0.5378593
98.788420 22.0355701 0.0780202 -8.3377075 0.0124158 -0.8235694 -0.0691038 0.5628535
98.995770 22.0317707 0.0783436 -8.3390579 0.0146222 -0.8069258 -0.0670694 0.5866504
99.203130 22.0278454 0.0786536 -8.3402023 0.0156660 -0.7899039 -0.0666348 0.6093984
99.410360 22.0238590 0.0789348 -8.3411541 0.0179758 -0.7726179 -0.0650884 0.6312702
99.513970 22.0218430 0.0790658 -8.3415623 0.0183811 -0.7640285 -0.0642638 0.6417108
99.825070 22.0156059 0.0794407 -8.3424301 0.0194225 -0.7392454 -0.0605108 0.6704308
99.928690 22.0134850 0.0795467 -8.3426018 0.0205404 -0.7310917 -0.0601063 0.6793160
100.136200 22.0092125 0.0797431 -8.3428631 0.0214589 -0.7145083 -0.0605160 0.6966744
100.343500 22.0049076 0.0799295 -8.3428764 0.0229175 -0.6991396 -0.0582668 0.7122384
100.550800 22.0005455 0.0800771 -8.3427334 0.0228573 -0.6850675 -0.0566112 0.7259169
100.758000 21.9961147 0.0802397 -8.3424263 0.0232038 -0.6731234 -0.0540878 0.7371845
100.861600 21.9939232 0.0802993 -8.3422108 0.0234017 -0.6677340 -0.0525266 0.7421756
100.965200 21.9917202 0.0803546 -8.3419666 0.0238646 -0.6626462 -0.0512417 0.7467964
101.068800 21.9894981 0.0804014 -8.3416996 0.0238296 -0.6577233 -0.0505158 0.7511860
101.172400 21.9872322 0.0804530 -8.3413982 0.0240536 -0.6530901 -0.0496938 0.7552651
101.276200 21.9849625 0.0805018 -8.3410664 0.0241020 -0.6486730 -0.0491890 0.7590935
101.379800 21.9827633 0.0805428 -8.3406944 0.0249878 -0.6444743 -0.0491809 0.7626334
101.483400 21.9805145 0.0805769 -8.3403282 0.0250903 -0.6405744 -0.0489831 0.7659214
101.587000 21.9782829 0.0806143 -8.3399200 0.0245087 -0.6373144 -0.0491370 0.7686451
101.690600 21.9760590 0.0806493 -8.3394928 0.0239940 -0.6349326 -0.0488668 0.7706471
101.794300 21.9738235 0.0806866 -8.3390465 0.0237171 -0.6327601 -0.0480294 0.7724929
101.897900 21.9715614 0.0807170 -8.3385811 0.0237749 -0.6307104 -0.0481882 0.7741557
102.105200 21.9670124 0.0807720 -8.3376312 0.0239931 -0.6266375 -0.0483445 0.7774398
102.312600 21.9624252 0.0808163 -8.3366528 0.0240189 -0.6235349 -0.0490145 0.7798878
102.520000 21.9579906 0.0808481 -8.3356342 0.0244341 -0.6214604 -0.0485077 0.7815606
102.727300 21.9534035 0.0809003 -8.3345947 0.0245687 -0.6199770 -0.0480569 0.7827615
102.934700 21.9490566 0.0809275 -8.3335819 0.0247788 -0.6189302 -0.0480358 0.7835841
103.142000 21.9447060 0.0809628 -8.3325596 0.0240391 -0.6180280 -0.0479368 0.7843249
103.349400 21.9402752 0.0809941 -8.3314953 0.0235192 -0.6171135 -0.0487867 0.7850081
103.556700 21.9359341 0.0810429 -8.3304405 0.0241089 -0.6161641 -0.0488482 0.7857318
103.764100 21.9316444 0.0810833 -8.3293934 0.0236599 -0.6152061 -0.0490372 0.7864839
103.971300 21.9272575 0.0811294 -8.3283253 0.0238975 -0.6140614 -0.0498557 0.7873195
104.178700 21.9229927 0.0811573 -8.3272648 0.0259335 -0.6130083 -0.0490622 0.7881252
104.386000 21.9186058 0.0811777 -8.3261986 0.0270003 -0.6117095 -0.0481038 0.7891569
104.593400 21.9143677 0.0811974 -8.3251114 0.0266274 -0.6092573 -0.0480665 0.7910665
104.800900 21.9102383 0.0811965 -8.3240242 0.0272142 -0.6045746 -0.0483681 0.7946128
105.008400 21.9061489 0.0811914 -8.3228741 0.0284037 -0.5977377 -0.0483147 0.7997303
105.215900 21.9020462 0.0811634 -8.3216400 0.0285455 -0.5888091 -0.0480866 0.8063354
105.423200 21.8980370 0.0811248 -8.3203354 0.0297897 -0.5768508 -0.0484351 0.8148679
105.630700 21.8941975 0.0810797 -8.3189373 0.0321020 -0.5625213 -0.0471771 0.8248113
105.838100 21.8904705 0.0809836 -8.3174086 0.0338389 -0.5458056 -0.0449632 0.8360201
106.045600 21.8867722 0.0808663 -8.3157196 0.0342973 -0.5269061 -0.0433157 0.8481259
106.253100 21.8832474 0.0807242 -8.3138790 0.0362732 -0.5049521 -0.0415694 0.8613825
106.460800 21.8798370 0.0805573 -8.3118687 0.0379523 -0.4805004 -0.0380788 0.8753451
106.668200 21.8766556 0.0803627 -8.3097239 0.0389725 -0.4547672 -0.0333376 0.8891325
106.875700 21.8735161 0.0801270 -8.3073235 0.0391617 -0.4271444 -0.0297326 0.9028455
107.186900 21.8691483 0.0797244 -8.3033829 0.0402691 -0.3802740 -0.0268709 0.9236060
107.394300 21.8664703 0.0794278 -8.3005219 0.0434643 -0.3472753 -0.0233335 0.9364648
107.705400 21.8628387 0.0789312 -8.2959108 0.0453932 -0.2967981 -0.0184246 0.9536828
108.016400 21.8598232 0.0783811 -8.2910194 0.0470298 -0.2450594 -0.0154530 0.9682435
108.223900 21.8581047 0.0779876 -8.2876081 0.0501885 -0.2102470 -0.0114572 0.9762920
108.431200 21.8566017 0.0775481 -8.2840433 0.0522465 -0.1754887 -0.0070761 0.9830686
108.638800 21.8553028 0.0771042 -8.2802391 0.0544009 -0.1404341 -0.0034000 0.9885885
108.845900 21.8542767 0.0766366 -8.2764664 0.0587288 -0.1062413 0.0007484 0.9926043
109.053200 21.8535290 0.0761998 -8.2727089 0.0593932 -0.0748628 0.0035935 0.9954171
109.260500 21.8530922 0.0756150 -8.2685051 0.0605151 -0.0448774 0.0071327 0.9971324
109.364400 21.8529224 0.0753296 -8.2664690 0.0620947 -0.0295708 0.0089454 0.9975920
109.467900 21.8528118 0.0750555 -8.2644653 0.0643154 -0.0141339 0.0107361 0.9977718
109.571600 21.8527966 0.0747826 -8.2625294 0.0642889 0.0013018 0.0108809 0.9978712
109.675300 21.8528271 0.0745311 -8.2606316 0.0628496 0.0177406 0.0123344 0.9977891
109.779100 21.8529129 0.0742585 -8.2587090 0.0615455 0.0349309 0.0112169 0.9974298
109.882700 21.8530731 0.0739956 -8.2568254 0.0656512 0.0522356 0.0116899 0.9964059
109.986400 21.8533077 0.0737149 -8.2549324 0.0715153 0.0693733 0.0112219 0.9949608
110.090100 21.8535976 0.0734127 -8.2530231 0.0731980 0.0860891 0.0115886 0.9935273
110.193900 21.8539600 0.0731136 -8.2511005 0.0711351 0.1023063 0.0142422 0.9921041
110.297600 21.8543797 0.0728304 -8.2492018 0.0682310 0.1189031 0.0168900 0.9904147
110.401400 21.8548660 0.0725620 -8.2473106 0.0676640 0.1357379 0.0193885 0.9882413
110.505100 21.8554249 0.0722845 -8.2454576 0.0692558 0.1524881 0.0205458 0.9856617
110.608900 21.8560581 0.0719991 -8.2436123 0.0718155 0.1690082 0.0209824 0.9827709
110.712500 21.8567276 0.0717220 -8.2418947 0.0738292 0.1853473 0.0211846 0.9796667
110.816200 21.8574924 0.0714121 -8.2401037 0.0750995 0.2015052 0.0217903 0.9763611
110.920000 21.8582878 0.0711382 -8.2383556 0.0755676 0.2179260 0.0222194 0.9727817
111.023600 21.8591423 0.0708422 -8.2366199 0.0749854 0.2344903 0.0222563 0.9689665
111.231000 21.8608932 0.0702242 -8.2334585 0.0748914 0.2666394 0.0227800 0.9606122
111.438400 21.8621311 0.0697840 -8.2317495 0.0737192 0.2957404 0.0245410 0.9521034
111.645800 21.8624268 0.0696869 -8.2312441 0.0721677 0.3225361 0.0277414 0.9433942
111.853000 21.8630371 0.0695422 -8.2305908 0.0712483 0.3467560 0.0299694 0.9347651
112.060200 21.8633175 0.0695249 -8.2305679 0.0722483 0.3635010 0.0311103 0.9282669
112.268400 21.8630276 0.0695400 -8.2305517 0.0711022 0.3790630 0.0342566 0.9219991
112.474600 21.8632431 0.0695120 -8.2304249 0.0688917 0.3927863 0.0349831 0.9163783
112.681700 21.8636036 0.0694716 -8.2303772 0.0690281 0.4019153 0.0348507 0.9124060
112.889800 21.8634949 0.0694840 -8.2303782 0.0665279 0.4077101 0.0357415 0.9099830
112.992400 21.8635902 0.0694733 -8.2303705 0.0644115 0.4085891 0.0342139 0.9097998
113.096000 21.8635883 0.0694729 -8.2303677 0.0639562 0.4095275 0.0337963 0.9094254
113.303200 21.8636093 0.0694712 -8.2303638 0.0602687 0.4097074 0.0339191 0.9095917
113.510500 21.8636837 0.0694594 -8.2303486 0.0581722 0.4098070 0.0334042 0.9097024
113.717900 21.8636932 0.0694590 -8.2303429 0.0569040 0.4099157 0.0321772 0.9097778
113.925200 21.8637161 0.0694549 -8.2303400 0.0537533 0.4094404 0.0294373 0.9102761
